110
1
-1
0
0
0
0
0.57735
-0.57735
0.57735
-0.57735
0.57735
-0.57735
0.57735
-0.57735
0.185116
-0.185116
0.185116
-0.185116
0.185116
-0.185116
0.185116
-0.185116
0.185116
-0.185116
0.185116
-0.185116
0.185116
-0.185116
0.185116
-0.185116
0.965124
-0.965124
0.965124
-0.965124
0.965124
-0.965124
0.965124
-0.965124
0.690421
-0.690421
0.690421
-0.690421
0.690421
-0.690421
0.690421
-0.690421
0.690421
-0.690421
0.690421
-0.690421
0.690421
-0.690421
0.690421
-0.690421
0.215957
-0.215957
0.215957
-0.215957
0.215957
-0.215957
0.215957
-0.215957
0.395689
-0.395689
0.395689
-0.395689
0.395689
-0.395689
0.395689
-0.395689
0.395689
-0.395689
0.395689
-0.395689
0.395689
-0.395689
0.395689
-0.395689
0.82877
-0.82877
0.82877
-0.82877
0.82877
-0.82877
0.82877
-0.82877
0.478369
-0.478369
0.478369
-0.478369
0.878159
-0.878159
0.878159
-0.878159
0.478369
-0.478369
0.478369
-0.478369
0.878159
-0.878159
0.878159
-0.878159
0
0
0
0
0
0
0
0
0
0
1
-1
0
0
0.57735
0.57735
-0.57735
-0.57735
0.57735
0.57735
-0.57735
-0.57735
0.185116
0.185116
-0.185116
-0.185116
0.185116
0.185116
-0.185116
-0.185116
0.965124
0.965124
-0.965124
-0.965124
0.965124
0.965124
-0.965124
-0.965124
0.185116
0.185116
-0.185116
-0.185116
0.185116
0.185116
-0.185116
-0.185116
0.690421
0.690421
-0.690421
-0.690421
0.690421
0.690421
-0.690421
-0.690421
0.215957
0.215957
-0.215957
-0.215957
0.215957
0.215957
-0.215957
-0.215957
0.690421
0.690421
-0.690421
-0.690421
0.690421
0.690421
-0.690421
-0.690421
0.395689
0.395689
-0.395689
-0.395689
0.395689
0.395689
-0.395689
-0.395689
0.82877
0.82877
-0.82877
-0.82877
0.82877
0.82877
-0.82877
-0.82877
0.395689
0.395689
-0.395689
-0.395689
0.395689
0.395689
-0.395689
-0.395689
0.878159
0.878159
-0.878159
-0.878159
0.478369
0.478369
-0.478369
-0.478369
0
0
0
0
0
0
0
0
0.478369
-0.478369
0.478369
-0.478369
0.878159
-0.878159
0.878159
-0.878159
0
0
0
0
1
-1
0.57735
0.57735
0.57735
0.57735
-0.57735
-0.57735
-0.57735
-0.57735
0.965124
0.965124
0.965124
0.965124
-0.965124
-0.965124
-0.965124
-0.965124
0.185116
0.185116
0.185116
0.185116
-0.185116
-0.185116
-0.185116
-0.185116
0.185116
0.185116
0.185116
0.185116
-0.185116
-0.185116
-0.185116
-0.185116
0.215957
0.215957
0.215957
0.215957
-0.215957
-0.215957
-0.215957
-0.215957
0.690421
0.690421
0.690421
0.690421
-0.690421
-0.690421
-0.690421
-0.690421
0.690421
0.690421
0.690421
0.690421
-0.690421
-0.690421
-0.690421
-0.690421
0.82877
0.82877
0.82877
0.82877
-0.82877
-0.82877
-0.82877
-0.82877
0.395689
0.395689
0.395689
0.395689
-0.395689
-0.395689
-0.395689
-0.395689
0.395689
0.395689
0.395689
0.395689
-0.395689
-0.395689
-0.395689
-0.395689
0
0
0
0
0
0
0
0
0.878159
0.878159
-0.878159
-0.878159
0.478369
0.478369
-0.478369
-0.478369
0.878159
0.878159
-0.878159
-0.878159
0.478369
0.478369
-0.478369
-0.478369
0.0481075
0.0481075
0.0481075
0.0481075
0.0481075
0.0481075
0.123072
0.123072
0.123072
0.123072
0.123072
0.123072
0.123072
0.123072
0.103192
0.103192
0.103192
0.103192
0.103192
0.103192
0.103192
0.103192
0.103192
0.103192
0.103192
0.103192
0.103192
0.103192
0.103192
0.103192
0.103192
0.103192
0.103192
0.103192
0.103192
0.103192
0.103192
0.103192
0.124945
0.124945
0.124945
0.124945
0.124945
0.124945
0.124945
0.124945
0.124945
0.124945
0.124945
0.124945
0.124945
0.124945
0.124945
0.124945
0.124945
0.124945
0.124945
0.124945
0.124945
0.124945
0.124945
0.124945
0.12058
0.12058
0.12058
0.12058
0.12058
0.12058
0.12058
0.12058
0.12058
0.12058
0.12058
0.12058
0.12058
0.12058
0.12058
0.12058
0.12058
0.12058
0.12058
0.12058
0.12058
0.12058
0.12058
0.12058
0.121831
0.121831
0.121831
0.121831
0.121831
0.121831
0.121831
0.121831
0.121831
0.121831
0.121831
0.121831
0.121831
0.121831
0.121831
0.121831
0.121831
0.121831
0.121831
0.121831
0.121831
0.121831
0.121831
0.121831
