1202
1
-1
0
0
0
0
0
0
0
0
0.707107
-0.707107
0.707107
-0.707107
0.707107
-0.707107
0.707107
-0.707107
0.57735
-0.57735
0.57735
-0.57735
0.57735
-0.57735
0.57735
-0.57735
0.0371264
-0.0371264
0.0371264
-0.0371264
0.0371264
-0.0371264
0.0371264
-0.0371264
0.0371264
-0.0371264
0.0371264
-0.0371264
0.0371264
-0.0371264
0.0371264
-0.0371264
0.998621
-0.998621
0.998621
-0.998621
0.998621
-0.998621
0.998621
-0.998621
0.0914006
-0.0914006
0.0914006
-0.0914006
0.0914006
-0.0914006
0.0914006
-0.0914006
0.0914006
-0.0914006
0.0914006
-0.0914006
0.0914006
-0.0914006
0.0914006
-0.0914006
0.991611
-0.991611
0.991611
-0.991611
0.991611
-0.991611
0.991611
-0.991611
0.153108
-0.153108
0.153108
-0.153108
0.153108
-0.153108
0.153108
-0.153108
0.153108
-0.153108
0.153108
-0.153108
0.153108
-0.153108
0.153108
-0.153108
0.976277
-0.976277
0.976277
-0.976277
0.976277
-0.976277
0.976277
-0.976277
0.218093
-0.218093
0.218093
-0.218093
0.218093
-0.218093
0.218093
-0.218093
0.218093
-0.218093
0.218093
-0.218093
0.218093
-0.218093
0.218093
-0.218093
0.951247
-0.951247
0.951247
-0.951247
0.951247
-0.951247
0.951247
-0.951247
0.283987
-0.283987
0.283987
-0.283987
0.283987
-0.283987
0.283987
-0.283987
0.283987
-0.283987
0.283987
-0.283987
0.283987
-0.283987
0.283987
-0.283987
0.915807
-0.915807
0.915807
-0.915807
0.915807
-0.915807
0.915807
-0.915807
0.349118
-0.349118
0.349118
-0.349118
0.349118
-0.349118
0.349118
-0.349118
0.349118
-0.349118
0.349118
-0.349118
0.349118
-0.349118
0.349118
-0.349118
0.869617
-0.869617
0.869617
-0.869617
0.869617
-0.869617
0.869617
-0.869617
0.412143
-0.412143
0.412143
-0.412143
0.412143
-0.412143
0.412143
-0.412143
0.412143
-0.412143
0.412143
-0.412143
0.412143
-0.412143
0.412143
-0.412143
0.812574
-0.812574
0.812574
-0.812574
0.812574
-0.812574
0.812574
-0.812574
0.471899
-0.471899
0.471899
-0.471899
0.471899
-0.471899
0.471899
-0.471899
0.471899
-0.471899
0.471899
-0.471899
0.471899
-0.471899
0.471899
-0.471899
0.744729
-0.744729
0.744729
-0.744729
0.744729
-0.744729
0.744729
-0.744729
0.527315
-0.527315
0.527315
-0.527315
0.527315
-0.527315
0.527315
-0.527315
0.527315
-0.527315
0.527315
-0.527315
0.527315
-0.527315
0.527315
-0.527315
0.666242
-0.666242
0.666242
-0.666242
0.666242
-0.666242
0.666242
-0.666242
0.620948
-0.620948
0.620948
-0.620948
0.620948
-0.620948
0.620948
-0.620948
0.620948
-0.620948
0.620948
-0.620948
0.620948
-0.620948
0.620948
-0.620948
0.478381
-0.478381
0.478381
-0.478381
0.478381
-0.478381
0.478381
-0.478381
0.656972
-0.656972
0.656972
-0.656972
0.656972
-0.656972
0.656972
-0.656972
0.656972
-0.656972
0.656972
-0.656972
0.656972
-0.656972
0.656972
-0.656972
0.369831
-0.369831
0.369831
-0.369831
0.369831
-0.369831
0.369831
-0.369831
0.684179
-0.684179
0.684179
-0.684179
0.684179
-0.684179
0.684179
-0.684179
0.684179
-0.684179
0.684179
-0.684179
0.684179
-0.684179
0.684179
-0.684179
0.252584
-0.252584
0.252584
-0.252584
0.252584
-0.252584
0.252584
-0.252584
0.70126
-0.70126
0.70126
-0.70126
0.70126
-0.70126
0.70126
-0.70126
0.70126
-0.70126
0.70126
-0.70126
0.70126
-0.70126
0.70126
-0.70126
0.128326
-0.128326
0.128326
-0.128326
0.128326
-0.128326
0.128326
-0.128326
0.107238
-0.107238
0.107238
-0.107238
0.994233
-0.994233
0.994233
-0.994233
0.107238
-0.107238
0.107238
-0.107238
0.994233
-0.994233
0.994233
-0.994233
0
0
0
0
0
0
0
0
0.258207
-0.258207
0.258207
-0.258207
0.96609
-0.96609
0.96609
-0.96609
0.258207
-0.258207
0.258207
-0.258207
0.96609
-0.96609
0.96609
-0.96609
0
0
0
0
0
0
0
0
0.417275
-0.417275
0.417275
-0.417275
0.90878
-0.90878
0.90878
-0.90878
0.417275
-0.417275
0.417275
-0.417275
0.90878
-0.90878
0.90878
-0.90878
0
0
0
0
0
0
0
0
0.570037
-0.570037
0.570037
-0.570037
0.821619
-0.821619
0.821619
-0.821619
0.570037
-0.570037
0.570037
-0.570037
0.821619
-0.821619
0.821619
-0.821619
0
0
0
0
0
0
0
0
0.982799
-0.982799
0.982799
-0.982799
0.982799
-0.982799
0.982799
-0.982799
0.982799
-0.982799
0.982799
-0.982799
0.982799
-0.982799
0.982799
-0.982799
0.177177
-0.177177
0.177177
-0.177177
0.177177
-0.177177
0.177177
-0.177177
0.177177
-0.177177
0.177177
-0.177177
0.177177
-0.177177
0.177177
-0.177177
0.0521064
-0.0521064
0.0521064
-0.0521064
0.0521064
-0.0521064
0.0521064
-0.0521064
0.0521064
-0.0521064
0.0521064
-0.0521064
0.0521064
-0.0521064
0.0521064
-0.0521064
0.962425
-0.962425
0.962425
-0.962425
0.962425
-0.962425
0.962425
-0.962425
0.962425
-0.962425
0.962425
-0.962425
0.962425
-0.962425
0.962425
-0.962425
0.247572
-0.247572
0.247572
-0.247572
0.247572
-0.247572
0.247572
-0.247572
0.247572
-0.247572
0.247572
-0.247572
0.247572
-0.247572
0.247572
-0.247572
0.111564
-0.111564
0.111564
-0.111564
0.111564
-0.111564
0.111564
-0.111564
0.111564
-0.111564
0.111564
-0.111564
0.111564
-0.111564
0.111564
-0.111564
0.940201
-0.940201
0.940201
-0.940201
0.940201
-0.940201
0.940201
-0.940201
0.940201
-0.940201
0.940201
-0.940201
0.940201
-0.940201
0.940201
-0.940201
0.335462
-0.335462
0.335462
-0.335462
0.335462
-0.335462
0.335462
-0.335462
0.335462
-0.335462
0.335462
-0.335462
0.335462
-0.335462
0.335462
-0.335462
0.0590589
-0.0590589
0.0590589
-0.0590589
0.0590589
-0.0590589
0.0590589
-0.0590589
0.0590589
-0.0590589
0.0590589
-0.0590589
0.0590589
-0.0590589
0.0590589
-0.0590589
0.932082
-0.932082
0.932082
-0.932082
0.932082
-0.932082
0.932082
-0.932082
0.932082
-0.932082
0.932082
-0.932082
0.932082
-0.932082
0.932082
-0.932082
0.317362
-0.317362
0.317362
-0.317362
0.317362
-0.317362
0.317362
-0.317362
0.317362
-0.317362
0.317362
-0.317362
0.317362
-0.317362
0.317362
-0.317362
0.174655
-0.174655
0.174655
-0.174655
0.174655
-0.174655
0.174655
-0.174655
0.174655
-0.174655
0.174655
-0.174655
0.174655
-0.174655
0.174655
-0.174655
0.904367
-0.904367
0.904367
-0.904367
0.904367
-0.904367
0.904367
-0.904367
0.904367
-0.904367
0.904367
-0.904367
0.904367
-0.904367
0.904367
-0.904367
0.409027
-0.409027
0.409027
-0.409027
0.409027
-0.409027
0.409027
-0.409027
0.409027
-0.409027
0.409027
-0.409027
0.409027
-0.409027
0.409027
-0.409027
0.121724
-0.121724
0.121724
-0.121724
0.121724
-0.121724
0.121724
-0.121724
0.121724
-0.121724
0.121724
-0.121724
0.121724
-0.121724
0.121724
-0.121724
0.891241
-0.891241
0.891241
-0.891241
0.891241
-0.891241
0.891241
-0.891241
0.891241
-0.891241
0.891241
-0.891241
0.891241
-0.891241
0.891241
-0.891241
0.385429
-0.385429
0.385429
-0.385429
0.385429
-0.385429
0.385429
-0.385429
0.385429
-0.385429
0.385429
-0.385429
0.385429
-0.385429
0.385429
-0.385429
0.239028
-0.239028
0.239028
-0.239028
0.239028
-0.239028
0.239028
-0.239028
0.239028
-0.239028
0.239028
-0.239028
0.239028
-0.239028
0.239028
-0.239028
0.867644
-0.867644
0.867644
-0.867644
0.867644
-0.867644
0.867644
-0.867644
0.867644
-0.867644
0.867644
-0.867644
0.867644
-0.867644
0.867644
-0.867644
0.493222
-0.493222
0.493222
-0.493222
0.493222
-0.493222
0.493222
-0.493222
0.493222
-0.493222
0.493222
-0.493222
0.493222
-0.493222
0.493222
-0.493222
0.0626625
-0.0626625
0.0626625
-0.0626625
0.0626625
-0.0626625
0.0626625
-0.0626625
0.0626625
-0.0626625
0.0626625
-0.0626625
0.0626625
-0.0626625
0.0626625
-0.0626625
0.858198
-0.858198
0.858198
-0.858198
0.858198
-0.858198
0.858198
-0.858198
0.858198
-0.858198
0.858198
-0.858198
0.858198
-0.858198
0.858198
-0.858198
0.478532
-0.478532
0.478532
-0.478532
0.478532
-0.478532
0.478532
-0.478532
0.478532
-0.478532
0.478532
-0.478532
0.478532
-0.478532
0.478532
-0.478532
0.185751
-0.185751
0.185751
-0.185751
0.185751
-0.185751
0.185751
-0.185751
0.185751
-0.185751
0.185751
-0.185751
0.185751
-0.185751
0.185751
-0.185751
0.839675
-0.839675
0.839675
-0.839675
0.839675
-0.839675
0.839675
-0.839675
0.839675
-0.839675
0.839675
-0.839675
0.839675
-0.839675
0.839675
-0.839675
0.450742
-0.450742
0.450742
-0.450742
0.450742
-0.450742
0.450742
-0.450742
0.450742
-0.450742
0.450742
-0.450742
0.450742
-0.450742
0.450742
-0.450742
0.302947
-0.302947
0.302947
-0.302947
0.302947
-0.302947
0.302947
-0.302947
0.302947
-0.302947
0.302947
-0.302947
0.302947
-0.302947
0.302947
-0.302947
0.816529
-0.816529
0.816529
-0.816529
0.816529
-0.816529
0.816529
-0.816529
0.816529
-0.816529
0.816529
-0.816529
0.816529
-0.816529
0.816529
-0.816529
0.563212
-0.563212
0.563212
-0.563212
0.563212
-0.563212
0.563212
-0.563212
0.563212
-0.563212
0.563212
-0.563212
0.563212
-0.563212
0.563212
-0.563212
0.126777
-0.126777
0.126777
-0.126777
0.126777
-0.126777
0.126777
-0.126777
0.126777
-0.126777
0.126777
-0.126777
0.126777
-0.126777
0.126777
-0.126777
0.801547
-0.801547
0.801547
-0.801547
0.801547
-0.801547
0.801547
-0.801547
0.801547
-0.801547
0.801547
-0.801547
0.801547
-0.801547
0.801547
-0.801547
0.54343
-0.54343
0.54343
-0.54343
0.54343
-0.54343
0.54343
-0.54343
0.54343
-0.54343
0.54343
-0.54343
0.54343
-0.54343
0.54343
-0.54343
0.249411
-0.249411
0.249411
-0.249411
0.249411
-0.249411
0.249411
-0.249411
0.249411
-0.249411
0.249411
-0.249411
0.249411
-0.249411
0.249411
-0.249411
0.777356
-0.777356
0.777356
-0.777356
0.777356
-0.777356
0.777356
-0.777356
0.777356
-0.777356
0.777356
-0.777356
0.777356
-0.777356
0.777356
-0.777356
0.512352
-0.512352
0.512352
-0.512352
0.512352
-0.512352
0.512352
-0.512352
0.512352
-0.512352
0.512352
-0.512352
0.512352
-0.512352
0.512352
-0.512352
0.364983
-0.364983
0.364983
-0.364983
0.364983
-0.364983
0.364983
-0.364983
0.364983
-0.364983
0.364983
-0.364983
0.364983
-0.364983
0.364983
-0.364983
0.766162
-0.766162
0.766162
-0.766162
0.766162
-0.766162
0.766162
-0.766162
0.766162
-0.766162
0.766162
-0.766162
0.766162
-0.766162
0.766162
-0.766162
0.639428
-0.639428
0.639428
-0.639428
0.639428
-0.639428
0.639428
-0.639428
0.639428
-0.639428
0.639428
-0.639428
0.639428
-0.639428
0.639428
-0.639428
0.0642455
-0.0642455
0.0642455
-0.0642455
0.0642455
-0.0642455
0.0642455
-0.0642455
0.0642455
-0.0642455
0.0642455
-0.0642455
0.0642455
-0.0642455
0.0642455
-0.0642455
0.755358
-0.755358
0.755358
-0.755358
0.755358
-0.755358
0.755358
-0.755358
0.755358
-0.755358
0.755358
-0.755358
0.755358
-0.755358
0.755358
-0.755358
0.626981
-0.626981
0.626981
-0.626981
0.626981
-0.626981
0.626981
-0.626981
0.626981
-0.626981
0.626981
-0.626981
0.626981
-0.626981
0.626981
-0.626981
0.190602
-0.190602
0.190602
-0.190602
0.190602
-0.190602
0.190602
-0.190602
0.190602
-0.190602
0.190602
-0.190602
0.190602
-0.190602
0.190602
-0.190602
0.734431
-0.734431
0.734431
-0.734431
0.734431
-0.734431
0.734431
-0.734431
0.734431
-0.734431
0.734431
-0.734431
0.734431
-0.734431
0.734431
-0.734431
0.603116
-0.603116
0.603116
-0.603116
0.603116
-0.603116
0.603116
-0.603116
0.603116
-0.603116
0.603116
-0.603116
0.603116
-0.603116
0.603116
-0.603116
0.311228
-0.311228
0.311228
-0.311228
0.311228
-0.311228
0.311228
-0.311228
0.311228
-0.311228
0.311228
-0.311228
0.311228
-0.311228
0.311228
-0.311228
0.704384
-0.704384
0.704384
-0.704384
0.704384
-0.704384
0.704384
-0.704384
0.704384
-0.704384
0.704384
-0.704384
0.704384
-0.704384
0.704384
-0.704384
0.56937
-0.56937
0.56937
-0.56937
0.56937
-0.56937
0.56937
-0.56937
0.56937
-0.56937
0.56937
-0.56937
0.56937
-0.56937
0.56937
-0.56937
0.423864
-0.423864
0.423864
-0.423864
0.423864
-0.423864
0.423864
-0.423864
0.423864
-0.423864
0.423864
-0.423864
0.423864
-0.423864
0.423864
-0.423864
0
0
1
-1
0
0
0.707107
-0.707107
0.707107
-0.707107
0
0
0
0
0.707107
0.707107
-0.707107
-0.707107
0.57735
0.57735
-0.57735
-0.57735
0.57735
0.57735
-0.57735
-0.57735
0.0371264
0.0371264
-0.0371264
-0.0371264
0.0371264
0.0371264
-0.0371264
-0.0371264
0.998621
0.998621
-0.998621
-0.998621
0.998621
0.998621
-0.998621
-0.998621
0.0371264
0.0371264
-0.0371264
-0.0371264
0.0371264
0.0371264
-0.0371264
-0.0371264
0.0914006
0.0914006
-0.0914006
-0.0914006
0.0914006
0.0914006
-0.0914006
-0.0914006
0.991611
0.991611
-0.991611
-0.991611
0.991611
0.991611
-0.991611
-0.991611
0.0914006
0.0914006
-0.0914006
-0.0914006
0.0914006
0.0914006
-0.0914006
-0.0914006
0.153108
0.153108
-0.153108
-0.153108
0.153108
0.153108
-0.153108
-0.153108
0.976277
0.976277
-0.976277
-0.976277
0.976277
0.976277
-0.976277
-0.976277
0.153108
0.153108
-0.153108
-0.153108
0.153108
0.153108
-0.153108
-0.153108
0.218093
0.218093
-0.218093
-0.218093
0.218093
0.218093
-0.218093
-0.218093
0.951247
0.951247
-0.951247
-0.951247
0.951247
0.951247
-0.951247
-0.951247
0.218093
0.218093
-0.218093
-0.218093
0.218093
0.218093
-0.218093
-0.218093
0.283987
0.283987
-0.283987
-0.283987
0.283987
0.283987
-0.283987
-0.283987
0.915807
0.915807
-0.915807
-0.915807
0.915807
0.915807
-0.915807
-0.915807
0.283987
0.283987
-0.283987
-0.283987
0.283987
0.283987
-0.283987
-0.283987
0.349118
0.349118
-0.349118
-0.349118
0.349118
0.349118
-0.349118
-0.349118
0.869617
0.869617
-0.869617
-0.869617
0.869617
0.869617
-0.869617
-0.869617
0.349118
0.349118
-0.349118
-0.349118
0.349118
0.349118
-0.349118
-0.349118
0.412143
0.412143
-0.412143
-0.412143
0.412143
0.412143
-0.412143
-0.412143
0.812574
0.812574
-0.812574
-0.812574
0.812574
0.812574
-0.812574
-0.812574
0.412143
0.412143
-0.412143
-0.412143
0.412143
0.412143
-0.412143
-0.412143
0.471899
0.471899
-0.471899
-0.471899
0.471899
0.471899
-0.471899
-0.471899
0.744729
0.744729
-0.744729
-0.744729
0.744729
0.744729
-0.744729
-0.744729
0.471899
0.471899
-0.471899
-0.471899
0.471899
0.471899
-0.471899
-0.471899
0.527315
0.527315
-0.527315
-0.527315
0.527315
0.527315
-0.527315
-0.527315
0.666242
0.666242
-0.666242
-0.666242
0.666242
0.666242
-0.666242
-0.666242
0.527315
0.527315
-0.527315
-0.527315
0.527315
0.527315
-0.527315
-0.527315
0.620948
0.620948
-0.620948
-0.620948
0.620948
0.620948
-0.620948
-0.620948
0.478381
0.478381
-0.478381
-0.478381
0.478381
0.478381
-0.478381
-0.478381
0.620948
0.620948
-0.620948
-0.620948
0.620948
0.620948
-0.620948
-0.620948
0.656972
0.656972
-0.656972
-0.656972
0.656972
0.656972
-0.656972
-0.656972
0.369831
0.369831
-0.369831
-0.369831
0.369831
0.369831
-0.369831
-0.369831
0.656972
0.656972
-0.656972
-0.656972
0.656972
0.656972
-0.656972
-0.656972
0.684179
0.684179
-0.684179
-0.684179
0.684179
0.684179
-0.684179
-0.684179
0.252584
0.252584
-0.252584
-0.252584
0.252584
0.252584
-0.252584
-0.252584
0.684179
0.684179
-0.684179
-0.684179
0.684179
0.684179
-0.684179
-0.684179
0.70126
0.70126
-0.70126
-0.70126
0.70126
0.70126
-0.70126
-0.70126
0.128326
0.128326
-0.128326
-0.128326
0.128326
0.128326
-0.128326
-0.128326
0.70126
0.70126
-0.70126
-0.70126
0.70126
0.70126
-0.70126
-0.70126
0.994233
0.994233
-0.994233
-0.994233
0.107238
0.107238
-0.107238
-0.107238
0
0
0
0
0
0
0
0
0.107238
-0.107238
0.107238
-0.107238
0.994233
-0.994233
0.994233
-0.994233
0.96609
0.96609
-0.96609
-0.96609
0.258207
0.258207
-0.258207
-0.258207
0
0
0
0
0
0
0
0
0.258207
-0.258207
0.258207
-0.258207
0.96609
-0.96609
0.96609
-0.96609
0.90878
0.90878
-0.90878
-0.90878
0.417275
0.417275
-0.417275
-0.417275
0
0
0
0
0
0
0
0
0.417275
-0.417275
0.417275
-0.417275
0.90878
-0.90878
0.90878
-0.90878
0.821619
0.821619
-0.821619
-0.821619
0.570037
0.570037
-0.570037
-0.570037
0
0
0
0
0
0
0
0
0.570037
-0.570037
0.570037
-0.570037
0.821619
-0.821619
0.821619
-0.821619
0.177177
0.177177
-0.177177
-0.177177
0.177177
0.177177
-0.177177
-0.177177
0.0521064
0.0521064
-0.0521064
-0.0521064
0.0521064
0.0521064
-0.0521064
-0.0521064
0.982799
0.982799
-0.982799
-0.982799
0.982799
0.982799
-0.982799
-0.982799
0.0521064
0.0521064
-0.0521064
-0.0521064
0.0521064
0.0521064
-0.0521064
-0.0521064
0.982799
0.982799
-0.982799
-0.982799
0.982799
0.982799
-0.982799
-0.982799
0.177177
0.177177
-0.177177
-0.177177
0.177177
0.177177
-0.177177
-0.177177
0.247572
0.247572
-0.247572
-0.247572
0.247572
0.247572
-0.247572
-0.247572
0.111564
0.111564
-0.111564
-0.111564
0.111564
0.111564
-0.111564
-0.111564
0.962425
0.962425
-0.962425
-0.962425
0.962425
0.962425
-0.962425
-0.962425
0.111564
0.111564
-0.111564
-0.111564
0.111564
0.111564
-0.111564
-0.111564
0.962425
0.962425
-0.962425
-0.962425
0.962425
0.962425
-0.962425
-0.962425
0.247572
0.247572
-0.247572
-0.247572
0.247572
0.247572
-0.247572
-0.247572
0.335462
0.335462
-0.335462
-0.335462
0.335462
0.335462
-0.335462
-0.335462
0.0590589
0.0590589
-0.0590589
-0.0590589
0.0590589
0.0590589
-0.0590589
-0.0590589
0.940201
0.940201
-0.940201
-0.940201
0.940201
0.940201
-0.940201
-0.940201
0.0590589
0.0590589
-0.0590589
-0.0590589
0.0590589
0.0590589
-0.0590589
-0.0590589
0.940201
0.940201
-0.940201
-0.940201
0.940201
0.940201
-0.940201
-0.940201
0.335462
0.335462
-0.335462
-0.335462
0.335462
0.335462
-0.335462
-0.335462
0.317362
0.317362
-0.317362
-0.317362
0.317362
0.317362
-0.317362
-0.317362
0.174655
0.174655
-0.174655
-0.174655
0.174655
0.174655
-0.174655
-0.174655
0.932082
0.932082
-0.932082
-0.932082
0.932082
0.932082
-0.932082
-0.932082
0.174655
0.174655
-0.174655
-0.174655
0.174655
0.174655
-0.174655
-0.174655
0.932082
0.932082
-0.932082
-0.932082
0.932082
0.932082
-0.932082
-0.932082
0.317362
0.317362
-0.317362
-0.317362
0.317362
0.317362
-0.317362
-0.317362
0.409027
0.409027
-0.409027
-0.409027
0.409027
0.409027
-0.409027
-0.409027
0.121724
0.121724
-0.121724
-0.121724
0.121724
0.121724
-0.121724
-0.121724
0.904367
0.904367
-0.904367
-0.904367
0.904367
0.904367
-0.904367
-0.904367
0.121724
0.121724
-0.121724
-0.121724
0.121724
0.121724
-0.121724
-0.121724
0.904367
0.904367
-0.904367
-0.904367
0.904367
0.904367
-0.904367
-0.904367
0.409027
0.409027
-0.409027
-0.409027
0.409027
0.409027
-0.409027
-0.409027
0.385429
0.385429
-0.385429
-0.385429
0.385429
0.385429
-0.385429
-0.385429
0.239028
0.239028
-0.239028
-0.239028
0.239028
0.239028
-0.239028
-0.239028
0.891241
0.891241
-0.891241
-0.891241
0.891241
0.891241
-0.891241
-0.891241
0.239028
0.239028
-0.239028
-0.239028
0.239028
0.239028
-0.239028
-0.239028
0.891241
0.891241
-0.891241
-0.891241
0.891241
0.891241
-0.891241
-0.891241
0.385429
0.385429
-0.385429
-0.385429
0.385429
0.385429
-0.385429
-0.385429
0.493222
0.493222
-0.493222
-0.493222
0.493222
0.493222
-0.493222
-0.493222
0.0626625
0.0626625
-0.0626625
-0.0626625
0.0626625
0.0626625
-0.0626625
-0.0626625
0.867644
0.867644
-0.867644
-0.867644
0.867644
0.867644
-0.867644
-0.867644
0.0626625
0.0626625
-0.0626625
-0.0626625
0.0626625
0.0626625
-0.0626625
-0.0626625
0.867644
0.867644
-0.867644
-0.867644
0.867644
0.867644
-0.867644
-0.867644
0.493222
0.493222
-0.493222
-0.493222
0.493222
0.493222
-0.493222
-0.493222
0.478532
0.478532
-0.478532
-0.478532
0.478532
0.478532
-0.478532
-0.478532
0.185751
0.185751
-0.185751
-0.185751
0.185751
0.185751
-0.185751
-0.185751
0.858198
0.858198
-0.858198
-0.858198
0.858198
0.858198
-0.858198
-0.858198
0.185751
0.185751
-0.185751
-0.185751
0.185751
0.185751
-0.185751
-0.185751
0.858198
0.858198
-0.858198
-0.858198
0.858198
0.858198
-0.858198
-0.858198
0.478532
0.478532
-0.478532
-0.478532
0.478532
0.478532
-0.478532
-0.478532
0.450742
0.450742
-0.450742
-0.450742
0.450742
0.450742
-0.450742
-0.450742
0.302947
0.302947
-0.302947
-0.302947
0.302947
0.302947
-0.302947
-0.302947
0.839675
0.839675
-0.839675
-0.839675
0.839675
0.839675
-0.839675
-0.839675
0.302947
0.302947
-0.302947
-0.302947
0.302947
0.302947
-0.302947
-0.302947
0.839675
0.839675
-0.839675
-0.839675
0.839675
0.839675
-0.839675
-0.839675
0.450742
0.450742
-0.450742
-0.450742
0.450742
0.450742
-0.450742
-0.450742
0.563212
0.563212
-0.563212
-0.563212
0.563212
0.563212
-0.563212
-0.563212
0.126777
0.126777
-0.126777
-0.126777
0.126777
0.126777
-0.126777
-0.126777
0.816529
0.816529
-0.816529
-0.816529
0.816529
0.816529
-0.816529
-0.816529
0.126777
0.126777
-0.126777
-0.126777
0.126777
0.126777
-0.126777
-0.126777
0.816529
0.816529
-0.816529
-0.816529
0.816529
0.816529
-0.816529
-0.816529
0.563212
0.563212
-0.563212
-0.563212
0.563212
0.563212
-0.563212
-0.563212
0.54343
0.54343
-0.54343
-0.54343
0.54343
0.54343
-0.54343
-0.54343
0.249411
0.249411
-0.249411
-0.249411
0.249411
0.249411
-0.249411
-0.249411
0.801547
0.801547
-0.801547
-0.801547
0.801547
0.801547
-0.801547
-0.801547
0.249411
0.249411
-0.249411
-0.249411
0.249411
0.249411
-0.249411
-0.249411
0.801547
0.801547
-0.801547
-0.801547
0.801547
0.801547
-0.801547
-0.801547
0.54343
0.54343
-0.54343
-0.54343
0.54343
0.54343
-0.54343
-0.54343
0.512352
0.512352
-0.512352
-0.512352
0.512352
0.512352
-0.512352
-0.512352
0.364983
0.364983
-0.364983
-0.364983
0.364983
0.364983
-0.364983
-0.364983
0.777356
0.777356
-0.777356
-0.777356
0.777356
0.777356
-0.777356
-0.777356
0.364983
0.364983
-0.364983
-0.364983
0.364983
0.364983
-0.364983
-0.364983
0.777356
0.777356
-0.777356
-0.777356
0.777356
0.777356
-0.777356
-0.777356
0.512352
0.512352
-0.512352
-0.512352
0.512352
0.512352
-0.512352
-0.512352
0.639428
0.639428
-0.639428
-0.639428
0.639428
0.639428
-0.639428
-0.639428
0.0642455
0.0642455
-0.0642455
-0.0642455
0.0642455
0.0642455
-0.0642455
-0.0642455
0.766162
0.766162
-0.766162
-0.766162
0.766162
0.766162
-0.766162
-0.766162
0.0642455
0.0642455
-0.0642455
-0.0642455
0.0642455
0.0642455
-0.0642455
-0.0642455
0.766162
0.766162
-0.766162
-0.766162
0.766162
0.766162
-0.766162
-0.766162
0.639428
0.639428
-0.639428
-0.639428
0.639428
0.639428
-0.639428
-0.639428
0.626981
0.626981
-0.626981
-0.626981
0.626981
0.626981
-0.626981
-0.626981
0.190602
0.190602
-0.190602
-0.190602
0.190602
0.190602
-0.190602
-0.190602
0.755358
0.755358
-0.755358
-0.755358
0.755358
0.755358
-0.755358
-0.755358
0.190602
0.190602
-0.190602
-0.190602
0.190602
0.190602
-0.190602
-0.190602
0.755358
0.755358
-0.755358
-0.755358
0.755358
0.755358
-0.755358
-0.755358
0.626981
0.626981
-0.626981
-0.626981
0.626981
0.626981
-0.626981
-0.626981
0.603116
0.603116
-0.603116
-0.603116
0.603116
0.603116
-0.603116
-0.603116
0.311228
0.311228
-0.311228
-0.311228
0.311228
0.311228
-0.311228
-0.311228
0.734431
0.734431
-0.734431
-0.734431
0.734431
0.734431
-0.734431
-0.734431
0.311228
0.311228
-0.311228
-0.311228
0.311228
0.311228
-0.311228
-0.311228
0.734431
0.734431
-0.734431
-0.734431
0.734431
0.734431
-0.734431
-0.734431
0.603116
0.603116
-0.603116
-0.603116
0.603116
0.603116
-0.603116
-0.603116
0.56937
0.56937
-0.56937
-0.56937
0.56937
0.56937
-0.56937
-0.56937
0.423864
0.423864
-0.423864
-0.423864
0.423864
0.423864
-0.423864
-0.423864
0.704384
0.704384
-0.704384
-0.704384
0.704384
0.704384
-0.704384
-0.704384
0.423864
0.423864
-0.423864
-0.423864
0.423864
0.423864
-0.423864
-0.423864
0.704384
0.704384
-0.704384
-0.704384
0.704384
0.704384
-0.704384
-0.704384
0.56937
0.56937
-0.56937
-0.56937
0.56937
0.56937
-0.56937
-0.56937
0
0
0
0
1
-1
0.707107
0.707107
-0.707107
-0.707107
0.707107
0.707107
-0.707107
-0.707107
0
0
0
0
0.57735
0.57735
0.57735
0.57735
-0.57735
-0.57735
-0.57735
-0.57735
0.998621
0.998621
0.998621
0.998621
-0.998621
-0.998621
-0.998621
-0.998621
0.0371264
0.0371264
0.0371264
0.0371264
-0.0371264
-0.0371264
-0.0371264
-0.0371264
0.0371264
0.0371264
0.0371264
0.0371264
-0.0371264
-0.0371264
-0.0371264
-0.0371264
0.991611
0.991611
0.991611
0.991611
-0.991611
-0.991611
-0.991611
-0.991611
0.0914006
0.0914006
0.0914006
0.0914006
-0.0914006
-0.0914006
-0.0914006
-0.0914006
0.0914006
0.0914006
0.0914006
0.0914006
-0.0914006
-0.0914006
-0.0914006
-0.0914006
0.976277
0.976277
0.976277
0.976277
-0.976277
-0.976277
-0.976277
-0.976277
0.153108
0.153108
0.153108
0.153108
-0.153108
-0.153108
-0.153108
-0.153108
0.153108
0.153108
0.153108
0.153108
-0.153108
-0.153108
-0.153108
-0.153108
0.951247
0.951247
0.951247
0.951247
-0.951247
-0.951247
-0.951247
-0.951247
0.218093
0.218093
0.218093
0.218093
-0.218093
-0.218093
-0.218093
-0.218093
0.218093
0.218093
0.218093
0.218093
-0.218093
-0.218093
-0.218093
-0.218093
0.915807
0.915807
0.915807
0.915807
-0.915807
-0.915807
-0.915807
-0.915807
0.283987
0.283987
0.283987
0.283987
-0.283987
-0.283987
-0.283987
-0.283987
0.283987
0.283987
0.283987
0.283987
-0.283987
-0.283987
-0.283987
-0.283987
0.869617
0.869617
0.869617
0.869617
-0.869617
-0.869617
-0.869617
-0.869617
0.349118
0.349118
0.349118
0.349118
-0.349118
-0.349118
-0.349118
-0.349118
0.349118
0.349118
0.349118
0.349118
-0.349118
-0.349118
-0.349118
-0.349118
0.812574
0.812574
0.812574
0.812574
-0.812574
-0.812574
-0.812574
-0.812574
0.412143
0.412143
0.412143
0.412143
-0.412143
-0.412143
-0.412143
-0.412143
0.412143
0.412143
0.412143
0.412143
-0.412143
-0.412143
-0.412143
-0.412143
0.744729
0.744729
0.744729
0.744729
-0.744729
-0.744729
-0.744729
-0.744729
0.471899
0.471899
0.471899
0.471899
-0.471899
-0.471899
-0.471899
-0.471899
0.471899
0.471899
0.471899
0.471899
-0.471899
-0.471899
-0.471899
-0.471899
0.666242
0.666242
0.666242
0.666242
-0.666242
-0.666242
-0.666242
-0.666242
0.527315
0.527315
0.527315
0.527315
-0.527315
-0.527315
-0.527315
-0.527315
0.527315
0.527315
0.527315
0.527315
-0.527315
-0.527315
-0.527315
-0.527315
0.478381
0.478381
0.478381
0.478381
-0.478381
-0.478381
-0.478381
-0.478381
0.620948
0.620948
0.620948
0.620948
-0.620948
-0.620948
-0.620948
-0.620948
0.620948
0.620948
0.620948
0.620948
-0.620948
-0.620948
-0.620948
-0.620948
0.369831
0.369831
0.369831
0.369831
-0.369831
-0.369831
-0.369831
-0.369831
0.656972
0.656972
0.656972
0.656972
-0.656972
-0.656972
-0.656972
-0.656972
0.656972
0.656972
0.656972
0.656972
-0.656972
-0.656972
-0.656972
-0.656972
0.252584
0.252584
0.252584
0.252584
-0.252584
-0.252584
-0.252584
-0.252584
0.684179
0.684179
0.684179
0.684179
-0.684179
-0.684179
-0.684179
-0.684179
0.684179
0.684179
0.684179
0.684179
-0.684179
-0.684179
-0.684179
-0.684179
0.128326
0.128326
0.128326
0.128326
-0.128326
-0.128326
-0.128326
-0.128326
0.70126
0.70126
0.70126
0.70126
-0.70126
-0.70126
-0.70126
-0.70126
0.70126
0.70126
0.70126
0.70126
-0.70126
-0.70126
-0.70126
-0.70126
0
0
0
0
0
0
0
0
0.994233
0.994233
-0.994233
-0.994233
0.107238
0.107238
-0.107238
-0.107238
0.994233
0.994233
-0.994233
-0.994233
0.107238
0.107238
-0.107238
-0.107238
0
0
0
0
0
0
0
0
0.96609
0.96609
-0.96609
-0.96609
0.258207
0.258207
-0.258207
-0.258207
0.96609
0.96609
-0.96609
-0.96609
0.258207
0.258207
-0.258207
-0.258207
0
0
0
0
0
0
0
0
0.90878
0.90878
-0.90878
-0.90878
0.417275
0.417275
-0.417275
-0.417275
0.90878
0.90878
-0.90878
-0.90878
0.417275
0.417275
-0.417275
-0.417275
0
0
0
0
0
0
0
0
0.821619
0.821619
-0.821619
-0.821619
0.570037
0.570037
-0.570037
-0.570037
0.821619
0.821619
-0.821619
-0.821619
0.570037
0.570037
-0.570037
-0.570037
0.0521064
0.0521064
0.0521064
0.0521064
-0.0521064
-0.0521064
-0.0521064
-0.0521064
0.177177
0.177177
0.177177
0.177177
-0.177177
-0.177177
-0.177177
-0.177177
0.0521064
0.0521064
0.0521064
0.0521064
-0.0521064
-0.0521064
-0.0521064
-0.0521064
0.982799
0.982799
0.982799
0.982799
-0.982799
-0.982799
-0.982799
-0.982799
0.177177
0.177177
0.177177
0.177177
-0.177177
-0.177177
-0.177177
-0.177177
0.982799
0.982799
0.982799
0.982799
-0.982799
-0.982799
-0.982799
-0.982799
0.111564
0.111564
0.111564
0.111564
-0.111564
-0.111564
-0.111564
-0.111564
0.247572
0.247572
0.247572
0.247572
-0.247572
-0.247572
-0.247572
-0.247572
0.111564
0.111564
0.111564
0.111564
-0.111564
-0.111564
-0.111564
-0.111564
0.962425
0.962425
0.962425
0.962425
-0.962425
-0.962425
-0.962425
-0.962425
0.247572
0.247572
0.247572
0.247572
-0.247572
-0.247572
-0.247572
-0.247572
0.962425
0.962425
0.962425
0.962425
-0.962425
-0.962425
-0.962425
-0.962425
0.0590589
0.0590589
0.0590589
0.0590589
-0.0590589
-0.0590589
-0.0590589
-0.0590589
0.335462
0.335462
0.335462
0.335462
-0.335462
-0.335462
-0.335462
-0.335462
0.0590589
0.0590589
0.0590589
0.0590589
-0.0590589
-0.0590589
-0.0590589
-0.0590589
0.940201
0.940201
0.940201
0.940201
-0.940201
-0.940201
-0.940201
-0.940201
0.335462
0.335462
0.335462
0.335462
-0.335462
-0.335462
-0.335462
-0.335462
0.940201
0.940201
0.940201
0.940201
-0.940201
-0.940201
-0.940201
-0.940201
0.174655
0.174655
0.174655
0.174655
-0.174655
-0.174655
-0.174655
-0.174655
0.317362
0.317362
0.317362
0.317362
-0.317362
-0.317362
-0.317362
-0.317362
0.174655
0.174655
0.174655
0.174655
-0.174655
-0.174655
-0.174655
-0.174655
0.932082
0.932082
0.932082
0.932082
-0.932082
-0.932082
-0.932082
-0.932082
0.317362
0.317362
0.317362
0.317362
-0.317362
-0.317362
-0.317362
-0.317362
0.932082
0.932082
0.932082
0.932082
-0.932082
-0.932082
-0.932082
-0.932082
0.121724
0.121724
0.121724
0.121724
-0.121724
-0.121724
-0.121724
-0.121724
0.409027
0.409027
0.409027
0.409027
-0.409027
-0.409027
-0.409027
-0.409027
0.121724
0.121724
0.121724
0.121724
-0.121724
-0.121724
-0.121724
-0.121724
0.904367
0.904367
0.904367
0.904367
-0.904367
-0.904367
-0.904367
-0.904367
0.409027
0.409027
0.409027
0.409027
-0.409027
-0.409027
-0.409027
-0.409027
0.904367
0.904367
0.904367
0.904367
-0.904367
-0.904367
-0.904367
-0.904367
0.239028
0.239028
0.239028
0.239028
-0.239028
-0.239028
-0.239028
-0.239028
0.385429
0.385429
0.385429
0.385429
-0.385429
-0.385429
-0.385429
-0.385429
0.239028
0.239028
0.239028
0.239028
-0.239028
-0.239028
-0.239028
-0.239028
0.891241
0.891241
0.891241
0.891241
-0.891241
-0.891241
-0.891241
-0.891241
0.385429
0.385429
0.385429
0.385429
-0.385429
-0.385429
-0.385429
-0.385429
0.891241
0.891241
0.891241
0.891241
-0.891241
-0.891241
-0.891241
-0.891241
0.0626625
0.0626625
0.0626625
0.0626625
-0.0626625
-0.0626625
-0.0626625
-0.0626625
0.493222
0.493222
0.493222
0.493222
-0.493222
-0.493222
-0.493222
-0.493222
0.0626625
0.0626625
0.0626625
0.0626625
-0.0626625
-0.0626625
-0.0626625
-0.0626625
0.867644
0.867644
0.867644
0.867644
-0.867644
-0.867644
-0.867644
-0.867644
0.493222
0.493222
0.493222
0.493222
-0.493222
-0.493222
-0.493222
-0.493222
0.867644
0.867644
0.867644
0.867644
-0.867644
-0.867644
-0.867644
-0.867644
0.185751
0.185751
0.185751
0.185751
-0.185751
-0.185751
-0.185751
-0.185751
0.478532
0.478532
0.478532
0.478532
-0.478532
-0.478532
-0.478532
-0.478532
0.185751
0.185751
0.185751
0.185751
-0.185751
-0.185751
-0.185751
-0.185751
0.858198
0.858198
0.858198
0.858198
-0.858198
-0.858198
-0.858198
-0.858198
0.478532
0.478532
0.478532
0.478532
-0.478532
-0.478532
-0.478532
-0.478532
0.858198
0.858198
0.858198
0.858198
-0.858198
-0.858198
-0.858198
-0.858198
0.302947
0.302947
0.302947
0.302947
-0.302947
-0.302947
-0.302947
-0.302947
0.450742
0.450742
0.450742
0.450742
-0.450742
-0.450742
-0.450742
-0.450742
0.302947
0.302947
0.302947
0.302947
-0.302947
-0.302947
-0.302947
-0.302947
0.839675
0.839675
0.839675
0.839675
-0.839675
-0.839675
-0.839675
-0.839675
0.450742
0.450742
0.450742
0.450742
-0.450742
-0.450742
-0.450742
-0.450742
0.839675
0.839675
0.839675
0.839675
-0.839675
-0.839675
-0.839675
-0.839675
0.126777
0.126777
0.126777
0.126777
-0.126777
-0.126777
-0.126777
-0.126777
0.563212
0.563212
0.563212
0.563212
-0.563212
-0.563212
-0.563212
-0.563212
0.126777
0.126777
0.126777
0.126777
-0.126777
-0.126777
-0.126777
-0.126777
0.816529
0.816529
0.816529
0.816529
-0.816529
-0.816529
-0.816529
-0.816529
0.563212
0.563212
0.563212
0.563212
-0.563212
-0.563212
-0.563212
-0.563212
0.816529
0.816529
0.816529
0.816529
-0.816529
-0.816529
-0.816529
-0.816529
0.249411
0.249411
0.249411
0.249411
-0.249411
-0.249411
-0.249411
-0.249411
0.54343
0.54343
0.54343
0.54343
-0.54343
-0.54343
-0.54343
-0.54343
0.249411
0.249411
0.249411
0.249411
-0.249411
-0.249411
-0.249411
-0.249411
0.801547
0.801547
0.801547
0.801547
-0.801547
-0.801547
-0.801547
-0.801547
0.54343
0.54343
0.54343
0.54343
-0.54343
-0.54343
-0.54343
-0.54343
0.801547
0.801547
0.801547
0.801547
-0.801547
-0.801547
-0.801547
-0.801547
0.364983
0.364983
0.364983
0.364983
-0.364983
-0.364983
-0.364983
-0.364983
0.512352
0.512352
0.512352
0.512352
-0.512352
-0.512352
-0.512352
-0.512352
0.364983
0.364983
0.364983
0.364983
-0.364983
-0.364983
-0.364983
-0.364983
0.777356
0.777356
0.777356
0.777356
-0.777356
-0.777356
-0.777356
-0.777356
0.512352
0.512352
0.512352
0.512352
-0.512352
-0.512352
-0.512352
-0.512352
0.777356
0.777356
0.777356
0.777356
-0.777356
-0.777356
-0.777356
-0.777356
0.0642455
0.0642455
0.0642455
0.0642455
-0.0642455
-0.0642455
-0.0642455
-0.0642455
0.639428
0.639428
0.639428
0.639428
-0.639428
-0.639428
-0.639428
-0.639428
0.0642455
0.0642455
0.0642455
0.0642455
-0.0642455
-0.0642455
-0.0642455
-0.0642455
0.766162
0.766162
0.766162
0.766162
-0.766162
-0.766162
-0.766162
-0.766162
0.639428
0.639428
0.639428
0.639428
-0.639428
-0.639428
-0.639428
-0.639428
0.766162
0.766162
0.766162
0.766162
-0.766162
-0.766162
-0.766162
-0.766162
0.190602
0.190602
0.190602
0.190602
-0.190602
-0.190602
-0.190602
-0.190602
0.626981
0.626981
0.626981
0.626981
-0.626981
-0.626981
-0.626981
-0.626981
0.190602
0.190602
0.190602
0.190602
-0.190602
-0.190602
-0.190602
-0.190602
0.755358
0.755358
0.755358
0.755358
-0.755358
-0.755358
-0.755358
-0.755358
0.626981
0.626981
0.626981
0.626981
-0.626981
-0.626981
-0.626981
-0.626981
0.755358
0.755358
0.755358
0.755358
-0.755358
-0.755358
-0.755358
-0.755358
0.311228
0.311228
0.311228
0.311228
-0.311228
-0.311228
-0.311228
-0.311228
0.603116
0.603116
0.603116
0.603116
-0.603116
-0.603116
-0.603116
-0.603116
0.311228
0.311228
0.311228
0.311228
-0.311228
-0.311228
-0.311228
-0.311228
0.734431
0.734431
0.734431
0.734431
-0.734431
-0.734431
-0.734431
-0.734431
0.603116
0.603116
0.603116
0.603116
-0.603116
-0.603116
-0.603116
-0.603116
0.734431
0.734431
0.734431
0.734431
-0.734431
-0.734431
-0.734431
-0.734431
0.423864
0.423864
0.423864
0.423864
-0.423864
-0.423864
-0.423864
-0.423864
0.56937
0.56937
0.56937
0.56937
-0.56937
-0.56937
-0.56937
-0.56937
0.423864
0.423864
0.423864
0.423864
-0.423864
-0.423864
-0.423864
-0.423864
0.704384
0.704384
0.704384
0.704384
-0.704384
-0.704384
-0.704384
-0.704384
0.56937
0.56937
0.56937
0.56937
-0.56937
-0.56937
-0.56937
-0.56937
0.704384
0.704384
0.704384
0.704384
-0.704384
-0.704384
-0.704384
-0.704384
0.00138882
0.00138882
0.00138882
0.00138882
0.00138882
0.00138882
0.0115676
0.0115676
0.0115676
0.0115676
0.0115676
0.0115676
0.0115676
0.0115676
0.0115676
0.0115676
0.0115676
0.0115676
0.0114771
0.0114771
0.0114771
0.0114771
0.0114771
0.0114771
0.0114771
0.0114771
0.00463752
0.00463752
0.00463752
0.00463752
0.00463752
0.00463752
0.00463752
0.00463752
0.00463752
0.00463752
0.00463752
0.00463752
0.00463752
0.00463752
0.00463752
0.00463752
0.00463752
0.00463752
0.00463752
0.00463752
0.00463752
0.00463752
0.00463752
0.00463752
0.00704218
0.00704218
0.00704218
0.00704218
0.00704218
0.00704218
0.00704218
0.00704218
0.00704218
0.00704218
0.00704218
0.00704218
0.00704218
0.00704218
0.00704218
0.00704218
0.00704218
0.00704218
0.00704218
0.00704218
0.00704218
0.00704218
0.00704218
0.00704218
0.00862719
0.00862719
0.00862719
0.00862719
0.00862719
0.00862719
0.00862719
0.00862719
0.00862719
0.00862719
0.00862719
0.00862719
0.00862719
0.00862719
0.00862719
0.00862719
0.00862719
0.00862719
0.00862719
0.00862719
0.00862719
0.00862719
0.00862719
0.00862719
0.00970166
0.00970166
0.00970166
0.00970166
0.00970166
0.00970166
0.00970166
0.00970166
0.00970166
0.00970166
0.00970166
0.00970166
0.00970166
0.00970166
0.00970166
0.00970166
0.00970166
0.00970166
0.00970166
0.00970166
0.00970166
0.00970166
0.00970166
0.00970166
0.010432
0.010432
0.010432
0.010432
0.010432
0.010432
0.010432
0.010432
0.010432
0.010432
0.010432
0.010432
0.010432
0.010432
0.010432
0.010432
0.010432
0.010432
0.010432
0.010432
0.010432
0.010432
0.010432
0.010432
0.010916
0.010916
0.010916
0.010916
0.010916
0.010916
0.010916
0.010916
0.010916
0.010916
0.010916
0.010916
0.010916
0.010916
0.010916
0.010916
0.010916
0.010916
0.010916
0.010916
0.010916
0.010916
0.010916
0.010916
0.0112181
0.0112181
0.0112181
0.0112181
0.0112181
0.0112181
0.0112181
0.0112181
0.0112181
0.0112181
0.0112181
0.0112181
0.0112181
0.0112181
0.0112181
0.0112181
0.0112181
0.0112181
0.0112181
0.0112181
0.0112181
0.0112181
0.0112181
0.0112181
0.0113862
0.0113862
0.0113862
0.0113862
0.0113862
0.0113862
0.0113862
0.0113862
0.0113862
0.0113862
0.0113862
0.0113862
0.0113862
0.0113862
0.0113862
0.0113862
0.0113862
0.0113862
0.0113862
0.0113862
0.0113862
0.0113862
0.0113862
0.0113862
0.0114603
0.0114603
0.0114603
0.0114603
0.0114603
0.0114603
0.0114603
0.0114603
0.0114603
0.0114603
0.0114603
0.0114603
0.0114603
0.0114603
0.0114603
0.0114603
0.0114603
0.0114603
0.0114603
0.0114603
0.0114603
0.0114603
0.0114603
0.0114603
0.0114715
0.0114715
0.0114715
0.0114715
0.0114715
0.0114715
0.0114715
0.0114715
0.0114715
0.0114715
0.0114715
0.0114715
0.0114715
0.0114715
0.0114715
0.0114715
0.0114715
0.0114715
0.0114715
0.0114715
0.0114715
0.0114715
0.0114715
0.0114715
0.011474
0.011474
0.011474
0.011474
0.011474
0.011474
0.011474
0.011474
0.011474
0.011474
0.011474
0.011474
0.011474
0.011474
0.011474
0.011474
0.011474
0.011474
0.011474
0.011474
0.011474
0.011474
0.011474
0.011474
0.0115018
0.0115018
0.0115018
0.0115018
0.0115018
0.0115018
0.0115018
0.0115018
0.0115018
0.0115018
0.0115018
0.0115018
0.0115018
0.0115018
0.0115018
0.0115018
0.0115018
0.0115018
0.0115018
0.0115018
0.0115018
0.0115018
0.0115018
0.0115018
0.0115453
0.0115453
0.0115453
0.0115453
0.0115453
0.0115453
0.0115453
0.0115453
0.0115453
0.0115453
0.0115453
0.0115453
0.0115453
0.0115453
0.0115453
0.0115453
0.0115453
0.0115453
0.0115453
0.0115453
0.0115453
0.0115453
0.0115453
0.0115453
0.00650558
0.00650558
0.00650558
0.00650558
0.00650558
0.00650558
0.00650558
0.00650558
0.00650558
0.00650558
0.00650558
0.00650558
0.00650558
0.00650558
0.00650558
0.00650558
0.00650558
0.00650558
0.00650558
0.00650558
0.00650558
0.00650558
0.00650558
0.00650558
0.00921259
0.00921259
0.00921259
0.00921259
0.00921259
0.00921259
0.00921259
0.00921259
0.00921259
0.00921259
0.00921259
0.00921259
0.00921259
0.00921259
0.00921259
0.00921259
0.00921259
0.00921259
0.00921259
0.00921259
0.00921259
0.00921259
0.00921259
0.00921259
0.0106352
0.0106352
0.0106352
0.0106352
0.0106352
0.0106352
0.0106352
0.0106352
0.0106352
0.0106352
0.0106352
0.0106352
0.0106352
0.0106352
0.0106352
0.0106352
0.0106352
0.0106352
0.0106352
0.0106352
0.0106352
0.0106352
0.0106352
0.0106352
0.0113488
0.0113488
0.0113488
0.0113488
0.0113488
0.0113488
0.0113488
0.0113488
0.0113488
0.0113488
0.0113488
0.0113488
0.0113488
0.0113488
0.0113488
0.0113488
0.0113488
0.0113488
0.0113488
0.0113488
0.0113488
0.0113488
0.0113488
0.0113488
0.00815027
0.00815027
0.00815027
0.00815027
0.00815027
0.00815027
0.00815027
0.00815027
0.00815027
0.00815027
0.00815027
0.00815027
0.00815027
0.00815027
0.00815027
0.00815027
0.00815027
0.00815027
0.00815027
0.00815027
0.00815027
0.00815027
0.00815027
0.00815027
0.00815027
0.00815027
0.00815027
0.00815027
0.00815027
0.00815027
0.00815027
0.00815027
0.00815027
0.00815027
0.00815027
0.00815027
0.00815027
0.00815027
0.00815027
0.00815027
0.00815027
0.00815027
0.00815027
0.00815027
0.00815027
0.00815027
0.00815027
0.00815027
0.00934314
0.00934314
0.00934314
0.00934314
0.00934314
0.00934314
0.00934314
0.00934314
0.00934314
0.00934314
0.00934314
0.00934314
0.00934314
0.00934314
0.00934314
0.00934314
0.00934314
0.00934314
0.00934314
0.00934314
0.00934314
0.00934314
0.00934314
0.00934314
0.00934314
0.00934314
0.00934314
0.00934314
0.00934314
0.00934314
0.00934314
0.00934314
0.00934314
0.00934314
0.00934314
0.00934314
0.00934314
0.00934314
0.00934314
0.00934314
0.00934314
0.00934314
0.00934314
0.00934314
0.00934314
0.00934314
0.00934314
0.00934314
0.0100512
0.0100512
0.0100512
0.0100512
0.0100512
0.0100512
0.0100512
0.0100512
0.0100512
0.0100512
0.0100512
0.0100512
0.0100512
0.0100512
0.0100512
0.0100512
0.0100512
0.0100512
0.0100512
0.0100512
0.0100512
0.0100512
0.0100512
0.0100512
0.0100512
0.0100512
0.0100512
0.0100512
0.0100512
0.0100512
0.0100512
0.0100512
0.0100512
0.0100512
0.0100512
0.0100512
0.0100512
0.0100512
0.0100512
0.0100512
0.0100512
0.0100512
0.0100512
0.0100512
0.0100512
0.0100512
0.0100512
0.0100512
0.0101809
0.0101809
0.0101809
0.0101809
0.0101809
0.0101809
0.0101809
0.0101809
0.0101809
0.0101809
0.0101809
0.0101809
0.0101809
0.0101809
0.0101809
0.0101809
0.0101809
0.0101809
0.0101809
0.0101809
0.0101809
0.0101809
0.0101809
0.0101809
0.0101809
0.0101809
0.0101809
0.0101809
0.0101809
0.0101809
0.0101809
0.0101809
0.0101809
0.0101809
0.0101809
0.0101809
0.0101809
0.0101809
0.0101809
0.0101809
0.0101809
0.0101809
0.0101809
0.0101809
0.0101809
0.0101809
0.0101809
0.0101809
0.0106605
0.0106605
0.0106605
0.0106605
0.0106605
0.0106605
0.0106605
0.0106605
0.0106605
0.0106605
0.0106605
0.0106605
0.0106605
0.0106605
0.0106605
0.0106605
0.0106605
0.0106605
0.0106605
0.0106605
0.0106605
0.0106605
0.0106605
0.0106605
0.0106605
0.0106605
0.0106605
0.0106605
0.0106605
0.0106605
0.0106605
0.0106605
0.0106605
0.0106605
0.0106605
0.0106605
0.0106605
0.0106605
0.0106605
0.0106605
0.0106605
0.0106605
0.0106605
0.0106605
0.0106605
0.0106605
0.0106605
0.0106605
0.0107522
0.0107522
0.0107522
0.0107522
0.0107522
0.0107522
0.0107522
0.0107522
0.0107522
0.0107522
0.0107522
0.0107522
0.0107522
0.0107522
0.0107522
0.0107522
0.0107522
0.0107522
0.0107522
0.0107522
0.0107522
0.0107522
0.0107522
0.0107522
0.0107522
0.0107522
0.0107522
0.0107522
0.0107522
0.0107522
0.0107522
0.0107522
0.0107522
0.0107522
0.0107522
0.0107522
0.0107522
0.0107522
0.0107522
0.0107522
0.0107522
0.0107522
0.0107522
0.0107522
0.0107522
0.0107522
0.0107522
0.0107522
0.0110624
0.0110624
0.0110624
0.0110624
0.0110624
0.0110624
0.0110624
0.0110624
0.0110624
0.0110624
0.0110624
0.0110624
0.0110624
0.0110624
0.0110624
0.0110624
0.0110624
0.0110624
0.0110624
0.0110624
0.0110624
0.0110624
0.0110624
0.0110624
0.0110624
0.0110624
0.0110624
0.0110624
0.0110624
0.0110624
0.0110624
0.0110624
0.0110624
0.0110624
0.0110624
0.0110624
0.0110624
0.0110624
0.0110624
0.0110624
0.0110624
0.0110624
0.0110624
0.0110624
0.0110624
0.0110624
0.0110624
0.0110624
0.0110723
0.0110723
0.0110723
0.0110723
0.0110723
0.0110723
0.0110723
0.0110723
0.0110723
0.0110723
0.0110723
0.0110723
0.0110723
0.0110723
0.0110723
0.0110723
0.0110723
0.0110723
0.0110723
0.0110723
0.0110723
0.0110723
0.0110723
0.0110723
0.0110723
0.0110723
0.0110723
0.0110723
0.0110723
0.0110723
0.0110723
0.0110723
0.0110723
0.0110723
0.0110723
0.0110723
0.0110723
0.0110723
0.0110723
0.0110723
0.0110723
0.0110723
0.0110723
0.0110723
0.0110723
0.0110723
0.0110723
0.0110723
0.0111216
0.0111216
0.0111216
0.0111216
0.0111216
0.0111216
0.0111216
0.0111216
0.0111216
0.0111216
0.0111216
0.0111216
0.0111216
0.0111216
0.0111216
0.0111216
0.0111216
0.0111216
0.0111216
0.0111216
0.0111216
0.0111216
0.0111216
0.0111216
0.0111216
0.0111216
0.0111216
0.0111216
0.0111216
0.0111216
0.0111216
0.0111216
0.0111216
0.0111216
0.0111216
0.0111216
0.0111216
0.0111216
0.0111216
0.0111216
0.0111216
0.0111216
0.0111216
0.0111216
0.0111216
0.0111216
0.0111216
0.0111216
0.0113366
0.0113366
0.0113366
0.0113366
0.0113366
0.0113366
0.0113366
0.0113366
0.0113366
0.0113366
0.0113366
0.0113366
0.0113366
0.0113366
0.0113366
0.0113366
0.0113366
0.0113366
0.0113366
0.0113366
0.0113366
0.0113366
0.0113366
0.0113366
0.0113366
0.0113366
0.0113366
0.0113366
0.0113366
0.0113366
0.0113366
0.0113366
0.0113366
0.0113366
0.0113366
0.0113366
0.0113366
0.0113366
0.0113366
0.0113366
0.0113366
0.0113366
0.0113366
0.0113366
0.0113366
0.0113366
0.0113366
0.0113366
0.0113224
0.0113224
0.0113224
0.0113224
0.0113224
0.0113224
0.0113224
0.0113224
0.0113224
0.0113224
0.0113224
0.0113224
0.0113224
0.0113224
0.0113224
0.0113224
0.0113224
0.0113224
0.0113224
0.0113224
0.0113224
0.0113224
0.0113224
0.0113224
0.0113224
0.0113224
0.0113224
0.0113224
0.0113224
0.0113224
0.0113224
0.0113224
0.0113224
0.0113224
0.0113224
0.0113224
0.0113224
0.0113224
0.0113224
0.0113224
0.0113224
0.0113224
0.0113224
0.0113224
0.0113224
0.0113224
0.0113224
0.0113224
0.0113383
0.0113383
0.0113383
0.0113383
0.0113383
0.0113383
0.0113383
0.0113383
0.0113383
0.0113383
0.0113383
0.0113383
0.0113383
0.0113383
0.0113383
0.0113383
0.0113383
0.0113383
0.0113383
0.0113383
0.0113383
0.0113383
0.0113383
0.0113383
0.0113383
0.0113383
0.0113383
0.0113383
0.0113383
0.0113383
0.0113383
0.0113383
0.0113383
0.0113383
0.0113383
0.0113383
0.0113383
0.0113383
0.0113383
0.0113383
0.0113383
0.0113383
0.0113383
0.0113383
0.0113383
0.0113383
0.0113383
0.0113383
0.0115083
0.0115083
0.0115083
0.0115083
0.0115083
0.0115083
0.0115083
0.0115083
0.0115083
0.0115083
0.0115083
0.0115083
0.0115083
0.0115083
0.0115083
0.0115083
0.0115083
0.0115083
0.0115083
0.0115083
0.0115083
0.0115083
0.0115083
0.0115083
0.0115083
0.0115083
0.0115083
0.0115083
0.0115083
0.0115083
0.0115083
0.0115083
0.0115083
0.0115083
0.0115083
0.0115083
0.0115083
0.0115083
0.0115083
0.0115083
0.0115083
0.0115083
0.0115083
0.0115083
0.0115083
0.0115083
0.0115083
0.0115083
0.0114751
0.0114751
0.0114751
0.0114751
0.0114751
0.0114751
0.0114751
0.0114751
0.0114751
0.0114751
0.0114751
0.0114751
0.0114751
0.0114751
0.0114751
0.0114751
0.0114751
0.0114751
0.0114751
0.0114751
0.0114751
0.0114751
0.0114751
0.0114751
0.0114751
0.0114751
0.0114751
0.0114751
0.0114751
0.0114751
0.0114751
0.0114751
0.0114751
0.0114751
0.0114751
0.0114751
0.0114751
0.0114751
0.0114751
0.0114751
0.0114751
0.0114751
0.0114751
0.0114751
0.0114751
0.0114751
0.0114751
0.0114751
0.0114452
0.0114452
0.0114452
0.0114452
0.0114452
0.0114452
0.0114452
0.0114452
0.0114452
0.0114452
0.0114452
0.0114452
0.0114452
0.0114452
0.0114452
0.0114452
0.0114452
0.0114452
0.0114452
0.0114452
0.0114452
0.0114452
0.0114452
0.0114452
0.0114452
0.0114452
0.0114452
0.0114452
0.0114452
0.0114452
0.0114452
0.0114452
0.0114452
0.0114452
0.0114452
0.0114452
0.0114452
0.0114452
0.0114452
0.0114452
0.0114452
0.0114452
0.0114452
0.0114452
0.0114452
0.0114452
0.0114452
0.0114452
0.0114426
0.0114426
0.0114426
0.0114426
0.0114426
0.0114426
0.0114426
0.0114426
0.0114426
0.0114426
0.0114426
0.0114426
0.0114426
0.0114426
0.0114426
0.0114426
0.0114426
0.0114426
0.0114426
0.0114426
0.0114426
0.0114426
0.0114426
0.0114426
0.0114426
0.0114426
0.0114426
0.0114426
0.0114426
0.0114426
0.0114426
0.0114426
0.0114426
0.0114426
0.0114426
0.0114426
0.0114426
0.0114426
0.0114426
0.0114426
0.0114426
0.0114426
0.0114426
0.0114426
0.0114426
0.0114426
0.0114426
0.0114426
