1454
0.57735
0.57735
0.57735
0.57735
-0.57735
-0.57735
-0.57735
-0.57735
0.0322929
0.0322929
0.0322929
0.0322929
-0.0322929
-0.0322929
-0.0322929
-0.0322929
0.0322929
0.0322929
0.0322929
0.0322929
-0.0322929
-0.0322929
-0.0322929
-0.0322929
0.998957
0.998957
0.998957
0.998957
-0.998957
-0.998957
-0.998957
-0.998957
0.0803673
0.0803673
0.0803673
0.0803673
-0.0803673
-0.0803673
-0.0803673
-0.0803673
0.0803673
0.0803673
0.0803673
0.0803673
-0.0803673
-0.0803673
-0.0803673
-0.0803673
0.99352
0.99352
0.99352
0.99352
-0.99352
-0.99352
-0.99352
-0.99352
0.135429
0.135429
0.135429
0.135429
-0.135429
-0.135429
-0.135429
-0.135429
0.135429
0.135429
0.135429
0.135429
-0.135429
-0.135429
-0.135429
-0.135429
0.981488
0.981488
0.981488
0.981488
-0.981488
-0.981488
-0.981488
-0.981488
0.193896
0.193896
0.193896
0.193896
-0.193896
-0.193896
-0.193896
-0.193896
0.193896
0.193896
0.193896
0.193896
-0.193896
-0.193896
-0.193896
-0.193896
0.96167
0.96167
0.96167
0.96167
-0.96167
-0.96167
-0.96167
-0.96167
0.253734
0.253734
0.253734
0.253734
-0.253734
-0.253734
-0.253734
-0.253734
0.253734
0.253734
0.253734
0.253734
-0.253734
-0.253734
-0.253734
-0.253734
0.933401
0.933401
0.933401
0.933401
-0.933401
-0.933401
-0.933401
-0.933401
0.313525
0.313525
0.313525
0.313525
-0.313525
-0.313525
-0.313525
-0.313525
0.313525
0.313525
0.313525
0.313525
-0.313525
-0.313525
-0.313525
-0.313525
0.896328
0.896328
0.896328
0.896328
-0.896328
-0.896328
-0.896328
-0.896328
0.372156
0.372156
0.372156
0.372156
-0.372156
-0.372156
-0.372156
-0.372156
0.372156
0.372156
0.372156
0.372156
-0.372156
-0.372156
-0.372156
-0.372156
0.850294
0.850294
0.850294
0.850294
-0.850294
-0.850294
-0.850294
-0.850294
0.428681
0.428681
0.428681
0.428681
-0.428681
-0.428681
-0.428681
-0.428681
0.428681
0.428681
0.428681
0.428681
-0.428681
-0.428681
-0.428681
-0.428681
0.795277
0.795277
0.795277
0.795277
-0.795277
-0.795277
-0.795277
-0.795277
0.482251
0.482251
0.482251
0.482251
-0.482251
-0.482251
-0.482251
-0.482251
0.482251
0.482251
0.482251
0.482251
-0.482251
-0.482251
-0.482251
-0.482251
0.731347
0.731347
0.731347
0.731347
-0.731347
-0.731347
-0.731347
-0.731347
0.532068
0.532068
0.532068
0.532068
-0.532068
-0.532068
-0.532068
-0.532068
0.532068
0.532068
0.532068
0.532068
-0.532068
-0.532068
-0.532068
-0.532068
0.658641
0.658641
0.658641
0.658641
-0.658641
-0.658641
-0.658641
-0.658641
0.6173
0.6173
0.6173
0.6173
-0.6173
-0.6173
-0.6173
-0.6173
0.6173
0.6173
0.6173
0.6173
-0.6173
-0.6173
-0.6173
-0.6173
0.487731
0.487731
0.487731
0.487731
-0.487731
-0.487731
-0.487731
-0.487731
0.651068
0.651068
0.651068
0.651068
-0.651068
-0.651068
-0.651068
-0.651068
0.651068
0.651068
0.651068
0.651068
-0.651068
-0.651068
-0.651068
-0.651068
0.390155
0.390155
0.390155
0.390155
-0.390155
-0.390155
-0.390155
-0.390155
0.677732
0.677732
0.677732
0.677732
-0.677732
-0.677732
-0.677732
-0.677732
0.677732
0.677732
0.677732
0.677732
-0.677732
-0.677732
-0.677732
-0.677732
0.285237
0.285237
0.285237
0.285237
-0.285237
-0.285237
-0.285237
-0.285237
0.696311
0.696311
0.696311
0.696311
-0.696311
-0.696311
-0.696311
-0.696311
0.696311
0.696311
0.696311
0.696311
-0.696311
-0.696311
-0.696311
-0.696311
0.174075
0.174075
0.174075
0.174075
-0.174075
-0.174075
-0.174075
-0.174075
0.705894
0.705894
0.705894
0.705894
-0.705894
-0.705894
-0.705894
-0.705894
0.705894
0.705894
0.705894
0.705894
-0.705894
-0.705894
-0.705894
-0.705894
0.0585554
0.0585554
0.0585554
0.0585554
-0.0585554
-0.0585554
-0.0585554
-0.0585554
0.570752
0.570752
0.570752
0.570752
-0.570752
-0.570752
-0.570752
-0.570752
0.570752
0.570752
0.570752
0.570752
-0.570752
-0.570752
-0.570752
-0.570752
0.438703
0.438703
0.438703
0.438703
-0.438703
-0.438703
-0.438703
-0.438703
0.438703
0.438703
0.438703
0.438703
-0.438703
-0.438703
-0.438703
-0.438703
0.694105
0.694105
0.694105
0.694105
-0.694105
-0.694105
-0.694105
-0.694105
0.694105
0.694105
0.694105
0.694105
-0.694105
-0.694105
-0.694105
-0.694105
0.519646
0.519646
0.519646
0.519646
-0.519646
-0.519646
-0.519646
-0.519646
0.519646
0.519646
0.519646
0.519646
-0.519646
-0.519646
-0.519646
-0.519646
0.385891
0.385891
0.385891
0.385891
-0.385891
-0.385891
-0.385891
-0.385891
0.385891
0.385891
0.385891
0.385891
-0.385891
-0.385891
-0.385891
-0.385891
0.76227
0.76227
0.76227
0.76227
-0.76227
-0.76227
-0.76227
-0.76227
0.76227
0.76227
0.76227
0.76227
-0.76227
-0.76227
-0.76227
-0.76227
0.464634
0.464634
0.464634
0.464634
-0.464634
-0.464634
-0.464634
-0.464634
0.464634
0.464634
0.464634
0.464634
-0.464634
-0.464634
-0.464634
-0.464634
0.330194
0.330194
0.330194
0.330194
-0.330194
-0.330194
-0.330194
-0.330194
0.330194
0.330194
0.330194
0.330194
-0.330194
-0.330194
-0.330194
-0.330194
0.821637
0.821637
0.821637
0.821637
-0.821637
-0.821637
-0.821637
-0.821637
0.821637
0.821637
0.821637
0.821637
-0.821637
-0.821637
-0.821637
-0.821637
0.40639
0.40639
0.40639
0.40639
-0.40639
-0.40639
-0.40639
-0.40639
0.40639
0.40639
0.40639
0.40639
-0.40639
-0.40639
-0.40639
-0.40639
0.272542
0.272542
0.272542
0.272542
-0.272542
-0.272542
-0.272542
-0.272542
0.272542
0.272542
0.272542
0.272542
-0.272542
-0.272542
-0.272542
-0.272542
0.872105
0.872105
0.872105
0.872105
-0.872105
-0.872105
-0.872105
-0.872105
0.872105
0.872105
0.872105
0.872105
-0.872105
-0.872105
-0.872105
-0.872105
0.345633
0.345633
0.345633
0.345633
-0.345633
-0.345633
-0.345633
-0.345633
0.345633
0.345633
0.345633
0.345633
-0.345633
-0.345633
-0.345633
-0.345633
0.213951
0.213951
0.213951
0.213951
-0.213951
-0.213951
-0.213951
-0.213951
0.213951
0.213951
0.213951
0.213951
-0.213951
-0.213951
-0.213951
-0.213951
0.913654
0.913654
0.913654
0.913654
-0.913654
-0.913654
-0.913654
-0.913654
0.913654
0.913654
0.913654
0.913654
-0.913654
-0.913654
-0.913654
-0.913654
0.28314
0.28314
0.28314
0.28314
-0.28314
-0.28314
-0.28314
-0.28314
0.28314
0.28314
0.28314
0.28314
-0.28314
-0.28314
-0.28314
-0.28314
0.155592
0.155592
0.155592
0.155592
-0.155592
-0.155592
-0.155592
-0.155592
0.155592
0.155592
0.155592
0.155592
-0.155592
-0.155592
-0.155592
-0.155592
0.946374
0.946374
0.946374
0.946374
-0.946374
-0.946374
-0.946374
-0.946374
0.946374
0.946374
0.946374
0.946374
-0.946374
-0.946374
-0.946374
-0.946374
0.219768
0.219768
0.219768
0.219768
-0.219768
-0.219768
-0.219768
-0.219768
0.219768
0.219768
0.219768
0.219768
-0.219768
-0.219768
-0.219768
-0.219768
0.0989288
0.0989288
0.0989288
0.0989288
-0.0989288
-0.0989288
-0.0989288
-0.0989288
0.0989288
0.0989288
0.0989288
0.0989288
-0.0989288
-0.0989288
-0.0989288
-0.0989288
0.970523
0.970523
0.970523
0.970523
-0.970523
-0.970523
-0.970523
-0.970523
0.970523
0.970523
0.970523
0.970523
-0.970523
-0.970523
-0.970523
-0.970523
0.15647
0.15647
0.15647
0.15647
-0.15647
-0.15647
-0.15647
-0.15647
0.15647
0.15647
0.15647
0.15647
-0.15647
-0.15647
-0.15647
-0.15647
0.0459864
0.0459864
0.0459864
0.0459864
-0.0459864
-0.0459864
-0.0459864
-0.0459864
0.0459864
0.0459864
0.0459864
0.0459864
-0.0459864
-0.0459864
-0.0459864
-0.0459864
0.986612
0.986612
0.986612
0.986612
-0.986612
-0.986612
-0.986612
-0.986612
0.986612
0.986612
0.986612
0.986612
-0.986612
-0.986612
-0.986612
-0.986612
0.602736
0.602736
0.602736
0.602736
-0.602736
-0.602736
-0.602736
-0.602736
0.602736
0.602736
0.602736
0.602736
-0.602736
-0.602736
-0.602736
-0.602736
0.337663
0.337663
0.337663
0.337663
-0.337663
-0.337663
-0.337663
-0.337663
0.337663
0.337663
0.337663
0.337663
-0.337663
-0.337663
-0.337663
-0.337663
0.722976
0.722976
0.722976
0.722976
-0.722976
-0.722976
-0.722976
-0.722976
0.722976
0.722976
0.722976
0.722976
-0.722976
-0.722976
-0.722976
-0.722976
0.549603
0.549603
0.549603
0.549603
-0.549603
-0.549603
-0.549603
-0.549603
0.549603
0.549603
0.549603
0.549603
-0.549603
-0.549603
-0.549603
-0.549603
0.28223
0.28223
0.28223
0.28223
-0.28223
-0.28223
-0.28223
-0.28223
0.28223
0.28223
0.28223
0.28223
-0.28223
-0.28223
-0.28223
-0.28223
0.786309
0.786309
0.786309
0.786309
-0.786309
-0.786309
-0.786309
-0.786309
0.786309
0.786309
0.786309
0.786309
-0.786309
-0.786309
-0.786309
-0.786309
0.492171
0.492171
0.492171
0.492171
-0.492171
-0.492171
-0.492171
-0.492171
0.492171
0.492171
0.492171
0.492171
-0.492171
-0.492171
-0.492171
-0.492171
0.224863
0.224863
0.224863
0.224863
-0.224863
-0.224863
-0.224863
-0.224863
0.224863
0.224863
0.224863
0.224863
-0.224863
-0.224863
-0.224863
-0.224863
0.840954
0.840954
0.840954
0.840954
-0.840954
-0.840954
-0.840954
-0.840954
0.840954
0.840954
0.840954
0.840954
-0.840954
-0.840954
-0.840954
-0.840954
0.430942
0.430942
0.430942
0.430942
-0.430942
-0.430942
-0.430942
-0.430942
0.430942
0.430942
0.430942
0.430942
-0.430942
-0.430942
-0.430942
-0.430942
0.166622
0.166622
0.166622
0.166622
-0.166622
-0.166622
-0.166622
-0.166622
0.166622
0.166622
0.166622
0.166622
-0.166622
-0.166622
-0.166622
-0.166622
0.886863
0.886863
0.886863
0.886863
-0.886863
-0.886863
-0.886863
-0.886863
0.886863
0.886863
0.886863
0.886863
-0.886863
-0.886863
-0.886863
-0.886863
0.366411
0.366411
0.366411
0.366411
-0.366411
-0.366411
-0.366411
-0.366411
0.366411
0.366411
0.366411
0.366411
-0.366411
-0.366411
-0.366411
-0.366411
0.108696
0.108696
0.108696
0.108696
-0.108696
-0.108696
-0.108696
-0.108696
0.108696
0.108696
0.108696
0.108696
-0.108696
-0.108696
-0.108696
-0.108696
0.924082
0.924082
0.924082
0.924082
-0.924082
-0.924082
-0.924082
-0.924082
0.924082
0.924082
0.924082
0.924082
-0.924082
-0.924082
-0.924082
-0.924082
0.299019
0.299019
0.299019
0.299019
-0.299019
-0.299019
-0.299019
-0.299019
0.299019
0.299019
0.299019
0.299019
-0.299019
-0.299019
-0.299019
-0.299019
0.0525199
0.0525199
0.0525199
0.0525199
-0.0525199
-0.0525199
-0.0525199
-0.0525199
0.0525199
0.0525199
0.0525199
0.0525199
-0.0525199
-0.0525199
-0.0525199
-0.0525199
0.952801
0.952801
0.952801
0.952801
-0.952801
-0.952801
-0.952801
-0.952801
0.952801
0.952801
0.952801
0.952801
-0.952801
-0.952801
-0.952801
-0.952801
0.626872
0.626872
0.626872
0.626872
-0.626872
-0.626872
-0.626872
-0.626872
0.626872
0.626872
0.626872
0.626872
-0.626872
-0.626872
-0.626872
-0.626872
0.229752
0.229752
0.229752
0.229752
-0.229752
-0.229752
-0.229752
-0.229752
0.229752
0.229752
0.229752
0.229752
-0.229752
-0.229752
-0.229752
-0.229752
0.744476
0.744476
0.744476
0.744476
-0.744476
-0.744476
-0.744476
-0.744476
0.744476
0.744476
0.744476
0.744476
-0.744476
-0.744476
-0.744476
-0.744476
0.570732
0.570732
0.570732
0.570732
-0.570732
-0.570732
-0.570732
-0.570732
0.570732
0.570732
0.570732
0.570732
-0.570732
-0.570732
-0.570732
-0.570732
0.172308
0.172308
0.172308
0.172308
-0.172308
-0.172308
-0.172308
-0.172308
0.172308
0.172308
0.172308
0.172308
-0.172308
-0.172308
-0.172308
-0.172308
0.802854
0.802854
0.802854
0.802854
-0.802854
-0.802854
-0.802854
-0.802854
0.802854
0.802854
0.802854
0.802854
-0.802854
-0.802854
-0.802854
-0.802854
0.509636
0.509636
0.509636
0.509636
-0.509636
-0.509636
-0.509636
-0.509636
0.509636
0.509636
0.509636
0.509636
-0.509636
-0.509636
-0.509636
-0.509636
0.114024
0.114024
0.114024
0.114024
-0.114024
-0.114024
-0.114024
-0.114024
0.114024
0.114024
0.114024
0.114024
-0.114024
-0.114024
-0.114024
-0.114024
0.852801
0.852801
0.852801
0.852801
-0.852801
-0.852801
-0.852801
-0.852801
0.852801
0.852801
0.852801
0.852801
-0.852801
-0.852801
-0.852801
-0.852801
0.443873
0.443873
0.443873
0.443873
-0.443873
-0.443873
-0.443873
-0.443873
0.443873
0.443873
0.443873
0.443873
-0.443873
-0.443873
-0.443873
-0.443873
0.0561152
0.0561152
0.0561152
0.0561152
-0.0561152
-0.0561152
-0.0561152
-0.0561152
0.0561152
0.0561152
0.0561152
0.0561152
-0.0561152
-0.0561152
-0.0561152
-0.0561152
0.894331
0.894331
0.894331
0.894331
-0.894331
-0.894331
-0.894331
-0.894331
0.894331
0.894331
0.894331
0.894331
-0.894331
-0.894331
-0.894331
-0.894331
0.641998
0.641998
0.641998
0.641998
-0.641998
-0.641998
-0.641998
-0.641998
0.641998
0.641998
0.641998
0.641998
-0.641998
-0.641998
-0.641998
-0.641998
0.116417
0.116417
0.116417
0.116417
-0.116417
-0.116417
-0.116417
-0.116417
0.116417
0.116417
0.116417
0.116417
-0.116417
-0.116417
-0.116417
-0.116417
0.757816
0.757816
0.757816
0.757816
-0.757816
-0.757816
-0.757816
-0.757816
0.757816
0.757816
0.757816
0.757816
-0.757816
-0.757816
-0.757816
-0.757816
0.581722
0.581722
0.581722
0.581722
-0.581722
-0.581722
-0.581722
-0.581722
0.581722
0.581722
0.581722
0.581722
-0.581722
-0.581722
-0.581722
-0.581722
0.0579759
0.0579759
0.0579759
0.0579759
-0.0579759
-0.0579759
-0.0579759
-0.0579759
0.0579759
0.0579759
0.0579759
0.0579759
-0.0579759
-0.0579759
-0.0579759
-0.0579759
0.811319
0.811319
0.811319
0.811319
-0.811319
-0.811319
-0.811319
-0.811319
0.811319
0.811319
0.811319
0.811319
-0.811319
-0.811319
-0.811319
-0.811319
0
1
0.995555
0.094186
0
-1
0
0
0.094186
0.995555
0.995555
0.995555
-0.995555
-0.094186
-0.995555
-0.094186
0
0
0.094186
0.094186
-0.094186
-0.094186
-0.995555
-0.995555
0
0.973412
0
0
-0.973412
0
0
0
0.229063
0.973412
0.229063
0.973412
-0.229063
-0.973412
-0.229063
-0.973412
0.973412
0.229063
0.229063
0
-0.973412
0
-0.229063
-0.229063
0
0.927569
0
0.927569
0
0
0
0
0.373651
0.373651
0.927569
0.373651
-0.373651
-0.927569
-0.373651
-0.927569
0
0.927569
0
0.373651
-0.927569
-0.927569
-0.373651
-0.373651
0.856802
0
0.856802
0
0
0
0
0
0.856802
0.515645
0.515645
0.856802
-0.515645
-0.856802
-0.856802
-0.515645
0
0.515645
0.515645
0
-0.856802
-0.856802
-0.515645
-0.515645
0.76235
0
0
0
0
0
0
-0.76235
0.76235
0.647165
0.647165
0.76235
-0.647165
-0.76235
-0.647165
-0.76235
0.647165
0.647165
0
0.76235
-0.76235
-0.647165
-0.647165
0
0
0
0
0
0
0
0.57735
0.57735
-0.57735
-0.57735
0.57735
0.57735
-0.57735
-0.57735
0.0322929
0.0322929
-0.0322929
-0.0322929
0.0322929
0.0322929
-0.0322929
-0.0322929
0.998957
0.998957
-0.998957
-0.998957
0.998957
0.998957
-0.998957
-0.998957
0.0322929
0.0322929
-0.0322929
-0.0322929
0.0322929
0.0322929
-0.0322929
-0.0322929
0.0803673
0.0803673
-0.0803673
-0.0803673
0.0803673
0.0803673
-0.0803673
-0.0803673
0.99352
0.99352
-0.99352
-0.99352
0.99352
0.99352
-0.99352
-0.99352
0.0803673
0.0803673
-0.0803673
-0.0803673
0.0803673
0.0803673
-0.0803673
-0.0803673
0.135429
0.135429
-0.135429
-0.135429
0.135429
0.135429
-0.135429
-0.135429
0.981488
0.981488
-0.981488
-0.981488
0.981488
0.981488
-0.981488
-0.981488
0.135429
0.135429
-0.135429
-0.135429
0.135429
0.135429
-0.135429
-0.135429
0.193896
0.193896
-0.193896
-0.193896
0.193896
0.193896
-0.193896
-0.193896
0.96167
0.96167
-0.96167
-0.96167
0.96167
0.96167
-0.96167
-0.96167
0.193896
0.193896
-0.193896
-0.193896
0.193896
0.193896
-0.193896
-0.193896
0.253734
0.253734
-0.253734
-0.253734
0.253734
0.253734
-0.253734
-0.253734
0.933401
0.933401
-0.933401
-0.933401
0.933401
0.933401
-0.933401
-0.933401
0.253734
0.253734
-0.253734
-0.253734
0.253734
0.253734
-0.253734
-0.253734
0.313525
0.313525
-0.313525
-0.313525
0.313525
0.313525
-0.313525
-0.313525
0.896328
0.896328
-0.896328
-0.896328
0.896328
0.896328
-0.896328
-0.896328
0.313525
0.313525
-0.313525
-0.313525
0.313525
0.313525
-0.313525
-0.313525
0.372156
0.372156
-0.372156
-0.372156
0.372156
0.372156
-0.372156
-0.372156
0.850294
0.850294
-0.850294
-0.850294
0.850294
0.850294
-0.850294
-0.850294
0.372156
0.372156
-0.372156
-0.372156
0.372156
0.372156
-0.372156
-0.372156
0.428681
0.428681
-0.428681
-0.428681
0.428681
0.428681
-0.428681
-0.428681
0.795277
0.795277
-0.795277
-0.795277
0.795277
0.795277
-0.795277
-0.795277
0.428681
0.428681
-0.428681
-0.428681
0.428681
0.428681
-0.428681
-0.428681
0.482251
0.482251
-0.482251
-0.482251
0.482251
0.482251
-0.482251
-0.482251
0.731347
0.731347
-0.731347
-0.731347
0.731347
0.731347
-0.731347
-0.731347
0.482251
0.482251
-0.482251
-0.482251
0.482251
0.482251
-0.482251
-0.482251
0.532068
0.532068
-0.532068
-0.532068
0.532068
0.532068
-0.532068
-0.532068
0.658641
0.658641
-0.658641
-0.658641
0.658641
0.658641
-0.658641
-0.658641
0.532068
0.532068
-0.532068
-0.532068
0.532068
0.532068
-0.532068
-0.532068
0.6173
0.6173
-0.6173
-0.6173
0.6173
0.6173
-0.6173
-0.6173
0.487731
0.487731
-0.487731
-0.487731
0.487731
0.487731
-0.487731
-0.487731
0.6173
0.6173
-0.6173
-0.6173
0.6173
0.6173
-0.6173
-0.6173
0.651068
0.651068
-0.651068
-0.651068
0.651068
0.651068
-0.651068
-0.651068
0.390155
0.390155
-0.390155
-0.390155
0.390155
0.390155
-0.390155
-0.390155
0.651068
0.651068
-0.651068
-0.651068
0.651068
0.651068
-0.651068
-0.651068
0.677732
0.677732
-0.677732
-0.677732
0.677732
0.677732
-0.677732
-0.677732
0.285237
0.285237
-0.285237
-0.285237
0.285237
0.285237
-0.285237
-0.285237
0.677732
0.677732
-0.677732
-0.677732
0.677732
0.677732
-0.677732
-0.677732
0.696311
0.696311
-0.696311
-0.696311
0.696311
0.696311
-0.696311
-0.696311
0.174075
0.174075
-0.174075
-0.174075
0.174075
0.174075
-0.174075
-0.174075
0.696311
0.696311
-0.696311
-0.696311
0.696311
0.696311
-0.696311
-0.696311
0.705894
0.705894
-0.705894
-0.705894
0.705894
0.705894
-0.705894
-0.705894
0.0585554
0.0585554
-0.0585554
-0.0585554
0.0585554
0.0585554
-0.0585554
-0.0585554
0.705894
0.705894
-0.705894
-0.705894
0.705894
0.705894
-0.705894
-0.705894
0.438703
0.438703
-0.438703
-0.438703
0.438703
0.438703
-0.438703
-0.438703
0.694105
0.694105
-0.694105
-0.694105
0.694105
0.694105
-0.694105
-0.694105
0.570752
0.570752
-0.570752
-0.570752
0.570752
0.570752
-0.570752
-0.570752
0.694105
0.694105
-0.694105
-0.694105
0.694105
0.694105
-0.694105
-0.694105
0.570752
0.570752
-0.570752
-0.570752
0.570752
0.570752
-0.570752
-0.570752
0.438703
0.438703
-0.438703
-0.438703
0.438703
0.438703
-0.438703
-0.438703
0.385891
0.385891
-0.385891
-0.385891
0.385891
0.385891
-0.385891
-0.385891
0.76227
0.76227
-0.76227
-0.76227
0.76227
0.76227
-0.76227
-0.76227
0.519646
0.519646
-0.519646
-0.519646
0.519646
0.519646
-0.519646
-0.519646
0.76227
0.76227
-0.76227
-0.76227
0.76227
0.76227
-0.76227
-0.76227
0.519646
0.519646
-0.519646
-0.519646
0.519646
0.519646
-0.519646
-0.519646
0.385891
0.385891
-0.385891
-0.385891
0.385891
0.385891
-0.385891
-0.385891
0.330194
0.330194
-0.330194
-0.330194
0.330194
0.330194
-0.330194
-0.330194
0.821637
0.821637
-0.821637
-0.821637
0.821637
0.821637
-0.821637
-0.821637
0.464634
0.464634
-0.464634
-0.464634
0.464634
0.464634
-0.464634
-0.464634
0.821637
0.821637
-0.821637
-0.821637
0.821637
0.821637
-0.821637
-0.821637
0.464634
0.464634
-0.464634
-0.464634
0.464634
0.464634
-0.464634
-0.464634
0.330194
0.330194
-0.330194
-0.330194
0.330194
0.330194
-0.330194
-0.330194
0.272542
0.272542
-0.272542
-0.272542
0.272542
0.272542
-0.272542
-0.272542
0.872105
0.872105
-0.872105
-0.872105
0.872105
0.872105
-0.872105
-0.872105
0.40639
0.40639
-0.40639
-0.40639
0.40639
0.40639
-0.40639
-0.40639
0.872105
0.872105
-0.872105
-0.872105
0.872105
0.872105
-0.872105
-0.872105
0.40639
0.40639
-0.40639
-0.40639
0.40639
0.40639
-0.40639
-0.40639
0.272542
0.272542
-0.272542
-0.272542
0.272542
0.272542
-0.272542
-0.272542
0.213951
0.213951
-0.213951
-0.213951
0.213951
0.213951
-0.213951
-0.213951
0.913654
0.913654
-0.913654
-0.913654
0.913654
0.913654
-0.913654
-0.913654
0.345633
0.345633
-0.345633
-0.345633
0.345633
0.345633
-0.345633
-0.345633
0.913654
0.913654
-0.913654
-0.913654
0.913654
0.913654
-0.913654
-0.913654
0.345633
0.345633
-0.345633
-0.345633
0.345633
0.345633
-0.345633
-0.345633
0.213951
0.213951
-0.213951
-0.213951
0.213951
0.213951
-0.213951
-0.213951
0.155592
0.155592
-0.155592
-0.155592
0.155592
0.155592
-0.155592
-0.155592
0.946374
0.946374
-0.946374
-0.946374
0.946374
0.946374
-0.946374
-0.946374
0.28314
0.28314
-0.28314
-0.28314
0.28314
0.28314
-0.28314
-0.28314
0.946374
0.946374
-0.946374
-0.946374
0.946374
0.946374
-0.946374
-0.946374
0.28314
0.28314
-0.28314
-0.28314
0.28314
0.28314
-0.28314
-0.28314
0.155592
0.155592
-0.155592
-0.155592
0.155592
0.155592
-0.155592
-0.155592
0.0989288
0.0989288
-0.0989288
-0.0989288
0.0989288
0.0989288
-0.0989288
-0.0989288
0.970523
0.970523
-0.970523
-0.970523
0.970523
0.970523
-0.970523
-0.970523
0.219768
0.219768
-0.219768
-0.219768
0.219768
0.219768
-0.219768
-0.219768
0.970523
0.970523
-0.970523
-0.970523
0.970523
0.970523
-0.970523
-0.970523
0.219768
0.219768
-0.219768
-0.219768
0.219768
0.219768
-0.219768
-0.219768
0.0989288
0.0989288
-0.0989288
-0.0989288
0.0989288
0.0989288
-0.0989288
-0.0989288
0.0459864
0.0459864
-0.0459864
-0.0459864
0.0459864
0.0459864
-0.0459864
-0.0459864
0.986612
0.986612
-0.986612
-0.986612
0.986612
0.986612
-0.986612
-0.986612
0.15647
0.15647
-0.15647
-0.15647
0.15647
0.15647
-0.15647
-0.15647
0.986612
0.986612
-0.986612
-0.986612
0.986612
0.986612
-0.986612
-0.986612
0.15647
0.15647
-0.15647
-0.15647
0.15647
0.15647
-0.15647
-0.15647
0.0459864
0.0459864
-0.0459864
-0.0459864
0.0459864
0.0459864
-0.0459864
-0.0459864
0.337663
0.337663
-0.337663
-0.337663
0.337663
0.337663
-0.337663
-0.337663
0.722976
0.722976
-0.722976
-0.722976
0.722976
0.722976
-0.722976
-0.722976
0.602736
0.602736
-0.602736
-0.602736
0.602736
0.602736
-0.602736
-0.602736
0.722976
0.722976
-0.722976
-0.722976
0.722976
0.722976
-0.722976
-0.722976
0.602736
0.602736
-0.602736
-0.602736
0.602736
0.602736
-0.602736
-0.602736
0.337663
0.337663
-0.337663
-0.337663
0.337663
0.337663
-0.337663
-0.337663
0.28223
0.28223
-0.28223
-0.28223
0.28223
0.28223
-0.28223
-0.28223
0.786309
0.786309
-0.786309
-0.786309
0.786309
0.786309
-0.786309
-0.786309
0.549603
0.549603
-0.549603
-0.549603
0.549603
0.549603
-0.549603
-0.549603
0.786309
0.786309
-0.786309
-0.786309
0.786309
0.786309
-0.786309
-0.786309
0.549603
0.549603
-0.549603
-0.549603
0.549603
0.549603
-0.549603
-0.549603
0.28223
0.28223
-0.28223
-0.28223
0.28223
0.28223
-0.28223
-0.28223
0.224863
0.224863
-0.224863
-0.224863
0.224863
0.224863
-0.224863
-0.224863
0.840954
0.840954
-0.840954
-0.840954
0.840954
0.840954
-0.840954
-0.840954
0.492171
0.492171
-0.492171
-0.492171
0.492171
0.492171
-0.492171
-0.492171
0.840954
0.840954
-0.840954
-0.840954
0.840954
0.840954
-0.840954
-0.840954
0.492171
0.492171
-0.492171
-0.492171
0.492171
0.492171
-0.492171
-0.492171
0.224863
0.224863
-0.224863
-0.224863
0.224863
0.224863
-0.224863
-0.224863
0.166622
0.166622
-0.166622
-0.166622
0.166622
0.166622
-0.166622
-0.166622
0.886863
0.886863
-0.886863
-0.886863
0.886863
0.886863
-0.886863
-0.886863
0.430942
0.430942
-0.430942
-0.430942
0.430942
0.430942
-0.430942
-0.430942
0.886863
0.886863
-0.886863
-0.886863
0.886863
0.886863
-0.886863
-0.886863
0.430942
0.430942
-0.430942
-0.430942
0.430942
0.430942
-0.430942
-0.430942
0.166622
0.166622
-0.166622
-0.166622
0.166622
0.166622
-0.166622
-0.166622
0.108696
0.108696
-0.108696
-0.108696
0.108696
0.108696
-0.108696
-0.108696
0.924082
0.924082
-0.924082
-0.924082
0.924082
0.924082
-0.924082
-0.924082
0.366411
0.366411
-0.366411
-0.366411
0.366411
0.366411
-0.366411
-0.366411
0.924082
0.924082
-0.924082
-0.924082
0.924082
0.924082
-0.924082
-0.924082
0.366411
0.366411
-0.366411
-0.366411
0.366411
0.366411
-0.366411
-0.366411
0.108696
0.108696
-0.108696
-0.108696
0.108696
0.108696
-0.108696
-0.108696
0.0525199
0.0525199
-0.0525199
-0.0525199
0.0525199
0.0525199
-0.0525199
-0.0525199
0.952801
0.952801
-0.952801
-0.952801
0.952801
0.952801
-0.952801
-0.952801
0.299019
0.299019
-0.299019
-0.299019
0.299019
0.299019
-0.299019
-0.299019
0.952801
0.952801
-0.952801
-0.952801
0.952801
0.952801
-0.952801
-0.952801
0.299019
0.299019
-0.299019
-0.299019
0.299019
0.299019
-0.299019
-0.299019
0.0525199
0.0525199
-0.0525199
-0.0525199
0.0525199
0.0525199
-0.0525199
-0.0525199
0.229752
0.229752
-0.229752
-0.229752
0.229752
0.229752
-0.229752
-0.229752
0.744476
0.744476
-0.744476
-0.744476
0.744476
0.744476
-0.744476
-0.744476
0.626872
0.626872
-0.626872
-0.626872
0.626872
0.626872
-0.626872
-0.626872
0.744476
0.744476
-0.744476
-0.744476
0.744476
0.744476
-0.744476
-0.744476
0.626872
0.626872
-0.626872
-0.626872
0.626872
0.626872
-0.626872
-0.626872
0.229752
0.229752
-0.229752
-0.229752
0.229752
0.229752
-0.229752
-0.229752
0.172308
0.172308
-0.172308
-0.172308
0.172308
0.172308
-0.172308
-0.172308
0.802854
0.802854
-0.802854
-0.802854
0.802854
0.802854
-0.802854
-0.802854
0.570732
0.570732
-0.570732
-0.570732
0.570732
0.570732
-0.570732
-0.570732
0.802854
0.802854
-0.802854
-0.802854
0.802854
0.802854
-0.802854
-0.802854
0.570732
0.570732
-0.570732
-0.570732
0.570732
0.570732
-0.570732
-0.570732
0.172308
0.172308
-0.172308
-0.172308
0.172308
0.172308
-0.172308
-0.172308
0.114024
0.114024
-0.114024
-0.114024
0.114024
0.114024
-0.114024
-0.114024
0.852801
0.852801
-0.852801
-0.852801
0.852801
0.852801
-0.852801
-0.852801
0.509636
0.509636
-0.509636
-0.509636
0.509636
0.509636
-0.509636
-0.509636
0.852801
0.852801
-0.852801
-0.852801
0.852801
0.852801
-0.852801
-0.852801
0.509636
0.509636
-0.509636
-0.509636
0.509636
0.509636
-0.509636
-0.509636
0.114024
0.114024
-0.114024
-0.114024
0.114024
0.114024
-0.114024
-0.114024
0.0561152
0.0561152
-0.0561152
-0.0561152
0.0561152
0.0561152
-0.0561152
-0.0561152
0.894331
0.894331
-0.894331
-0.894331
0.894331
0.894331
-0.894331
-0.894331
0.443873
0.443873
-0.443873
-0.443873
0.443873
0.443873
-0.443873
-0.443873
0.894331
0.894331
-0.894331
-0.894331
0.894331
0.894331
-0.894331
-0.894331
0.443873
0.443873
-0.443873
-0.443873
0.443873
0.443873
-0.443873
-0.443873
0.0561152
0.0561152
-0.0561152
-0.0561152
0.0561152
0.0561152
-0.0561152
-0.0561152
0.116417
0.116417
-0.116417
-0.116417
0.116417
0.116417
-0.116417
-0.116417
0.757816
0.757816
-0.757816
-0.757816
0.757816
0.757816
-0.757816
-0.757816
0.641998
0.641998
-0.641998
-0.641998
0.641998
0.641998
-0.641998
-0.641998
0.757816
0.757816
-0.757816
-0.757816
0.757816
0.757816
-0.757816
-0.757816
0.641998
0.641998
-0.641998
-0.641998
0.641998
0.641998
-0.641998
-0.641998
0.116417
0.116417
-0.116417
-0.116417
0.116417
0.116417
-0.116417
-0.116417
0.0579759
0.0579759
-0.0579759
-0.0579759
0.0579759
0.0579759
-0.0579759
-0.0579759
0.811319
0.811319
-0.811319
-0.811319
0.811319
0.811319
-0.811319
-0.811319
0.581722
0.581722
-0.581722
-0.581722
0.581722
0.581722
-0.581722
-0.581722
0.811319
0.811319
-0.811319
-0.811319
0.811319
0.811319
-0.811319
-0.811319
0.581722
0.581722
-0.581722
-0.581722
0.581722
0.581722
-0.581722
-0.581722
0.0579759
0.0579759
-0.0579759
-0.0579759
0.0579759
0.0579759
-0.0579759
-0.0579759
0
0
-0.094186
-0.995555
1
0
-1
0
0.995555
0.094186
0
0
0.094186
0.995555
-0.094186
-0.995555
0.995555
0.995555
0
0
0
0
0
0
0.094186
0.229063
-0.995555
-0.995555
0.229063
0.094186
-0.094186
-0.094186
0.973412
0
-0.973412
-0.229063
0.973412
0
-0.973412
-0.229063
0
0
0
-0.973412
0
0.973412
0
0
0.229063
0.373651
-0.229063
-0.373651
0.973412
0.229063
-0.973412
-0.229063
0
0.927569
0
-0.927569
0.927569
0.373651
-0.927569
-0.373651
0.927569
0
-0.927569
0
0
0
0
0
0.515645
0.373651
-0.515645
-0.373651
0.373651
0.927569
-0.373651
-0.927569
0
0.856802
-0.856802
0
0.856802
0.515645
-0.515645
-0.856802
0.856802
0
0
-0.856802
0
0
0
0
0.647165
0.515645
-0.515645
-0.515645
0.515645
0.856802
-0.856802
-0.647165
0
0.76235
-0.76235
-0.647165
0.76235
0.647165
-0.76235
0
0
0
-0.76235
0
0
0
0
-0.76235
0.76235
0.76235
-0.647165
-0.647165
0.647165
0.647165
0.57735
-0.57735
0.57735
-0.57735
0.57735
-0.57735
0.57735
-0.57735
0.998957
-0.998957
0.998957
-0.998957
0.998957
-0.998957
0.998957
-0.998957
0.0322929
-0.0322929
0.0322929
-0.0322929
0.0322929
-0.0322929
0.0322929
-0.0322929
0.0322929
-0.0322929
0.0322929
-0.0322929
0.0322929
-0.0322929
0.0322929
-0.0322929
0.99352
-0.99352
0.99352
-0.99352
0.99352
-0.99352
0.99352
-0.99352
0.0803673
-0.0803673
0.0803673
-0.0803673
0.0803673
-0.0803673
0.0803673
-0.0803673
0.0803673
-0.0803673
0.0803673
-0.0803673
0.0803673
-0.0803673
0.0803673
-0.0803673
0.981488
-0.981488
0.981488
-0.981488
0.981488
-0.981488
0.981488
-0.981488
0.135429
-0.135429
0.135429
-0.135429
0.135429
-0.135429
0.135429
-0.135429
0.135429
-0.135429
0.135429
-0.135429
0.135429
-0.135429
0.135429
-0.135429
0.96167
-0.96167
0.96167
-0.96167
0.96167
-0.96167
0.96167
-0.96167
0.193896
-0.193896
0.193896
-0.193896
0.193896
-0.193896
0.193896
-0.193896
0.193896
-0.193896
0.193896
-0.193896
0.193896
-0.193896
0.193896
-0.193896
0.933401
-0.933401
0.933401
-0.933401
0.933401
-0.933401
0.933401
-0.933401
0.253734
-0.253734
0.253734
-0.253734
0.253734
-0.253734
0.253734
-0.253734
0.253734
-0.253734
0.253734
-0.253734
0.253734
-0.253734
0.253734
-0.253734
0.896328
-0.896328
0.896328
-0.896328
0.896328
-0.896328
0.896328
-0.896328
0.313525
-0.313525
0.313525
-0.313525
0.313525
-0.313525
0.313525
-0.313525
0.313525
-0.313525
0.313525
-0.313525
0.313525
-0.313525
0.313525
-0.313525
0.850294
-0.850294
0.850294
-0.850294
0.850294
-0.850294
0.850294
-0.850294
0.372156
-0.372156
0.372156
-0.372156
0.372156
-0.372156
0.372156
-0.372156
0.372156
-0.372156
0.372156
-0.372156
0.372156
-0.372156
0.372156
-0.372156
0.795277
-0.795277
0.795277
-0.795277
0.795277
-0.795277
0.795277
-0.795277
0.428681
-0.428681
0.428681
-0.428681
0.428681
-0.428681
0.428681
-0.428681
0.428681
-0.428681
0.428681
-0.428681
0.428681
-0.428681
0.428681
-0.428681
0.731347
-0.731347
0.731347
-0.731347
0.731347
-0.731347
0.731347
-0.731347
0.482251
-0.482251
0.482251
-0.482251
0.482251
-0.482251
0.482251
-0.482251
0.482251
-0.482251
0.482251
-0.482251
0.482251
-0.482251
0.482251
-0.482251
0.658641
-0.658641
0.658641
-0.658641
0.658641
-0.658641
0.658641
-0.658641
0.532068
-0.532068
0.532068
-0.532068
0.532068
-0.532068
0.532068
-0.532068
0.532068
-0.532068
0.532068
-0.532068
0.532068
-0.532068
0.532068
-0.532068
0.487731
-0.487731
0.487731
-0.487731
0.487731
-0.487731
0.487731
-0.487731
0.6173
-0.6173
0.6173
-0.6173
0.6173
-0.6173
0.6173
-0.6173
0.6173
-0.6173
0.6173
-0.6173
0.6173
-0.6173
0.6173
-0.6173
0.390155
-0.390155
0.390155
-0.390155
0.390155
-0.390155
0.390155
-0.390155
0.651068
-0.651068
0.651068
-0.651068
0.651068
-0.651068
0.651068
-0.651068
0.651068
-0.651068
0.651068
-0.651068
0.651068
-0.651068
0.651068
-0.651068
0.285237
-0.285237
0.285237
-0.285237
0.285237
-0.285237
0.285237
-0.285237
0.677732
-0.677732
0.677732
-0.677732
0.677732
-0.677732
0.677732
-0.677732
0.677732
-0.677732
0.677732
-0.677732
0.677732
-0.677732
0.677732
-0.677732
0.174075
-0.174075
0.174075
-0.174075
0.174075
-0.174075
0.174075
-0.174075
0.696311
-0.696311
0.696311
-0.696311
0.696311
-0.696311
0.696311
-0.696311
0.696311
-0.696311
0.696311
-0.696311
0.696311
-0.696311
0.696311
-0.696311
0.0585554
-0.0585554
0.0585554
-0.0585554
0.0585554
-0.0585554
0.0585554
-0.0585554
0.705894
-0.705894
0.705894
-0.705894
0.705894
-0.705894
0.705894
-0.705894
0.705894
-0.705894
0.705894
-0.705894
0.705894
-0.705894
0.705894
-0.705894
0.694105
-0.694105
0.694105
-0.694105
0.694105
-0.694105
0.694105
-0.694105
0.438703
-0.438703
0.438703
-0.438703
0.438703
-0.438703
0.438703
-0.438703
0.694105
-0.694105
0.694105
-0.694105
0.694105
-0.694105
0.694105
-0.694105
0.570752
-0.570752
0.570752
-0.570752
0.570752
-0.570752
0.570752
-0.570752
0.438703
-0.438703
0.438703
-0.438703
0.438703
-0.438703
0.438703
-0.438703
0.570752
-0.570752
0.570752
-0.570752
0.570752
-0.570752
0.570752
-0.570752
0.76227
-0.76227
0.76227
-0.76227
0.76227
-0.76227
0.76227
-0.76227
0.385891
-0.385891
0.385891
-0.385891
0.385891
-0.385891
0.385891
-0.385891
0.76227
-0.76227
0.76227
-0.76227
0.76227
-0.76227
0.76227
-0.76227
0.519646
-0.519646
0.519646
-0.519646
0.519646
-0.519646
0.519646
-0.519646
0.385891
-0.385891
0.385891
-0.385891
0.385891
-0.385891
0.385891
-0.385891
0.519646
-0.519646
0.519646
-0.519646
0.519646
-0.519646
0.519646
-0.519646
0.821637
-0.821637
0.821637
-0.821637
0.821637
-0.821637
0.821637
-0.821637
0.330194
-0.330194
0.330194
-0.330194
0.330194
-0.330194
0.330194
-0.330194
0.821637
-0.821637
0.821637
-0.821637
0.821637
-0.821637
0.821637
-0.821637
0.464634
-0.464634
0.464634
-0.464634
0.464634
-0.464634
0.464634
-0.464634
0.330194
-0.330194
0.330194
-0.330194
0.330194
-0.330194
0.330194
-0.330194
0.464634
-0.464634
0.464634
-0.464634
0.464634
-0.464634
0.464634
-0.464634
0.872105
-0.872105
0.872105
-0.872105
0.872105
-0.872105
0.872105
-0.872105
0.272542
-0.272542
0.272542
-0.272542
0.272542
-0.272542
0.272542
-0.272542
0.872105
-0.872105
0.872105
-0.872105
0.872105
-0.872105
0.872105
-0.872105
0.40639
-0.40639
0.40639
-0.40639
0.40639
-0.40639
0.40639
-0.40639
0.272542
-0.272542
0.272542
-0.272542
0.272542
-0.272542
0.272542
-0.272542
0.40639
-0.40639
0.40639
-0.40639
0.40639
-0.40639
0.40639
-0.40639
0.913654
-0.913654
0.913654
-0.913654
0.913654
-0.913654
0.913654
-0.913654
0.213951
-0.213951
0.213951
-0.213951
0.213951
-0.213951
0.213951
-0.213951
0.913654
-0.913654
0.913654
-0.913654
0.913654
-0.913654
0.913654
-0.913654
0.345633
-0.345633
0.345633
-0.345633
0.345633
-0.345633
0.345633
-0.345633
0.213951
-0.213951
0.213951
-0.213951
0.213951
-0.213951
0.213951
-0.213951
0.345633
-0.345633
0.345633
-0.345633
0.345633
-0.345633
0.345633
-0.345633
0.946374
-0.946374
0.946374
-0.946374
0.946374
-0.946374
0.946374
-0.946374
0.155592
-0.155592
0.155592
-0.155592
0.155592
-0.155592
0.155592
-0.155592
0.946374
-0.946374
0.946374
-0.946374
0.946374
-0.946374
0.946374
-0.946374
0.28314
-0.28314
0.28314
-0.28314
0.28314
-0.28314
0.28314
-0.28314
0.155592
-0.155592
0.155592
-0.155592
0.155592
-0.155592
0.155592
-0.155592
0.28314
-0.28314
0.28314
-0.28314
0.28314
-0.28314
0.28314
-0.28314
0.970523
-0.970523
0.970523
-0.970523
0.970523
-0.970523
0.970523
-0.970523
0.0989288
-0.0989288
0.0989288
-0.0989288
0.0989288
-0.0989288
0.0989288
-0.0989288
0.970523
-0.970523
0.970523
-0.970523
0.970523
-0.970523
0.970523
-0.970523
0.219768
-0.219768
0.219768
-0.219768
0.219768
-0.219768
0.219768
-0.219768
0.0989288
-0.0989288
0.0989288
-0.0989288
0.0989288
-0.0989288
0.0989288
-0.0989288
0.219768
-0.219768
0.219768
-0.219768
0.219768
-0.219768
0.219768
-0.219768
0.986612
-0.986612
0.986612
-0.986612
0.986612
-0.986612
0.986612
-0.986612
0.0459864
-0.0459864
0.0459864
-0.0459864
0.0459864
-0.0459864
0.0459864
-0.0459864
0.986612
-0.986612
0.986612
-0.986612
0.986612
-0.986612
0.986612
-0.986612
0.15647
-0.15647
0.15647
-0.15647
0.15647
-0.15647
0.15647
-0.15647
0.0459864
-0.0459864
0.0459864
-0.0459864
0.0459864
-0.0459864
0.0459864
-0.0459864
0.15647
-0.15647
0.15647
-0.15647
0.15647
-0.15647
0.15647
-0.15647
0.722976
-0.722976
0.722976
-0.722976
0.722976
-0.722976
0.722976
-0.722976
0.337663
-0.337663
0.337663
-0.337663
0.337663
-0.337663
0.337663
-0.337663
0.722976
-0.722976
0.722976
-0.722976
0.722976
-0.722976
0.722976
-0.722976
0.602736
-0.602736
0.602736
-0.602736
0.602736
-0.602736
0.602736
-0.602736
0.337663
-0.337663
0.337663
-0.337663
0.337663
-0.337663
0.337663
-0.337663
0.602736
-0.602736
0.602736
-0.602736
0.602736
-0.602736
0.602736
-0.602736
0.786309
-0.786309
0.786309
-0.786309
0.786309
-0.786309
0.786309
-0.786309
0.28223
-0.28223
0.28223
-0.28223
0.28223
-0.28223
0.28223
-0.28223
0.786309
-0.786309
0.786309
-0.786309
0.786309
-0.786309
0.786309
-0.786309
0.549603
-0.549603
0.549603
-0.549603
0.549603
-0.549603
0.549603
-0.549603
0.28223
-0.28223
0.28223
-0.28223
0.28223
-0.28223
0.28223
-0.28223
0.549603
-0.549603
0.549603
-0.549603
0.549603
-0.549603
0.549603
-0.549603
0.840954
-0.840954
0.840954
-0.840954
0.840954
-0.840954
0.840954
-0.840954
0.224863
-0.224863
0.224863
-0.224863
0.224863
-0.224863
0.224863
-0.224863
0.840954
-0.840954
0.840954
-0.840954
0.840954
-0.840954
0.840954
-0.840954
0.492171
-0.492171
0.492171
-0.492171
0.492171
-0.492171
0.492171
-0.492171
0.224863
-0.224863
0.224863
-0.224863
0.224863
-0.224863
0.224863
-0.224863
0.492171
-0.492171
0.492171
-0.492171
0.492171
-0.492171
0.492171
-0.492171
0.886863
-0.886863
0.886863
-0.886863
0.886863
-0.886863
0.886863
-0.886863
0.166622
-0.166622
0.166622
-0.166622
0.166622
-0.166622
0.166622
-0.166622
0.886863
-0.886863
0.886863
-0.886863
0.886863
-0.886863
0.886863
-0.886863
0.430942
-0.430942
0.430942
-0.430942
0.430942
-0.430942
0.430942
-0.430942
0.166622
-0.166622
0.166622
-0.166622
0.166622
-0.166622
0.166622
-0.166622
0.430942
-0.430942
0.430942
-0.430942
0.430942
-0.430942
0.430942
-0.430942
0.924082
-0.924082
0.924082
-0.924082
0.924082
-0.924082
0.924082
-0.924082
0.108696
-0.108696
0.108696
-0.108696
0.108696
-0.108696
0.108696
-0.108696
0.924082
-0.924082
0.924082
-0.924082
0.924082
-0.924082
0.924082
-0.924082
0.366411
-0.366411
0.366411
-0.366411
0.366411
-0.366411
0.366411
-0.366411
0.108696
-0.108696
0.108696
-0.108696
0.108696
-0.108696
0.108696
-0.108696
0.366411
-0.366411
0.366411
-0.366411
0.366411
-0.366411
0.366411
-0.366411
0.952801
-0.952801
0.952801
-0.952801
0.952801
-0.952801
0.952801
-0.952801
0.0525199
-0.0525199
0.0525199
-0.0525199
0.0525199
-0.0525199
0.0525199
-0.0525199
0.952801
-0.952801
0.952801
-0.952801
0.952801
-0.952801
0.952801
-0.952801
0.299019
-0.299019
0.299019
-0.299019
0.299019
-0.299019
0.299019
-0.299019
0.0525199
-0.0525199
0.0525199
-0.0525199
0.0525199
-0.0525199
0.0525199
-0.0525199
0.299019
-0.299019
0.299019
-0.299019
0.299019
-0.299019
0.299019
-0.299019
0.744476
-0.744476
0.744476
-0.744476
0.744476
-0.744476
0.744476
-0.744476
0.229752
-0.229752
0.229752
-0.229752
0.229752
-0.229752
0.229752
-0.229752
0.744476
-0.744476
0.744476
-0.744476
0.744476
-0.744476
0.744476
-0.744476
0.626872
-0.626872
0.626872
-0.626872
0.626872
-0.626872
0.626872
-0.626872
0.229752
-0.229752
0.229752
-0.229752
0.229752
-0.229752
0.229752
-0.229752
0.626872
-0.626872
0.626872
-0.626872
0.626872
-0.626872
0.626872
-0.626872
0.802854
-0.802854
0.802854
-0.802854
0.802854
-0.802854
0.802854
-0.802854
0.172308
-0.172308
0.172308
-0.172308
0.172308
-0.172308
0.172308
-0.172308
0.802854
-0.802854
0.802854
-0.802854
0.802854
-0.802854
0.802854
-0.802854
0.570732
-0.570732
0.570732
-0.570732
0.570732
-0.570732
0.570732
-0.570732
0.172308
-0.172308
0.172308
-0.172308
0.172308
-0.172308
0.172308
-0.172308
0.570732
-0.570732
0.570732
-0.570732
0.570732
-0.570732
0.570732
-0.570732
0.852801
-0.852801
0.852801
-0.852801
0.852801
-0.852801
0.852801
-0.852801
0.114024
-0.114024
0.114024
-0.114024
0.114024
-0.114024
0.114024
-0.114024
0.852801
-0.852801
0.852801
-0.852801
0.852801
-0.852801
0.852801
-0.852801
0.509636
-0.509636
0.509636
-0.509636
0.509636
-0.509636
0.509636
-0.509636
0.114024
-0.114024
0.114024
-0.114024
0.114024
-0.114024
0.114024
-0.114024
0.509636
-0.509636
0.509636
-0.509636
0.509636
-0.509636
0.509636
-0.509636
0.894331
-0.894331
0.894331
-0.894331
0.894331
-0.894331
0.894331
-0.894331
0.0561152
-0.0561152
0.0561152
-0.0561152
0.0561152
-0.0561152
0.0561152
-0.0561152
0.894331
-0.894331
0.894331
-0.894331
0.894331
-0.894331
0.894331
-0.894331
0.443873
-0.443873
0.443873
-0.443873
0.443873
-0.443873
0.443873
-0.443873
0.0561152
-0.0561152
0.0561152
-0.0561152
0.0561152
-0.0561152
0.0561152
-0.0561152
0.443873
-0.443873
0.443873
-0.443873
0.443873
-0.443873
0.443873
-0.443873
0.757816
-0.757816
0.757816
-0.757816
0.757816
-0.757816
0.757816
-0.757816
0.116417
-0.116417
0.116417
-0.116417
0.116417
-0.116417
0.116417
-0.116417
0.757816
-0.757816
0.757816
-0.757816
0.757816
-0.757816
0.757816
-0.757816
0.641998
-0.641998
0.641998
-0.641998
0.641998
-0.641998
0.641998
-0.641998
0.116417
-0.116417
0.116417
-0.116417
0.116417
-0.116417
0.116417
-0.116417
0.641998
-0.641998
0.641998
-0.641998
0.641998
-0.641998
0.641998
-0.641998
0.811319
-0.811319
0.811319
-0.811319
0.811319
-0.811319
0.811319
-0.811319
0.0579759
-0.0579759
0.0579759
-0.0579759
0.0579759
-0.0579759
0.0579759
-0.0579759
0.811319
-0.811319
0.811319
-0.811319
0.811319
-0.811319
0.811319
-0.811319
0.581722
-0.581722
0.581722
-0.581722
0.581722
-0.581722
0.581722
-0.581722
0.0579759
-0.0579759
0.0579759
-0.0579759
0.0579759
-0.0579759
0.0579759
-0.0579759
0.581722
-0.581722
0.581722
-0.581722
0.581722
-0.581722
0.581722
-0.581722
1
0
0
0
0
0
0
-1
0
0
0.094186
-0.094186
0
0
0
0
0.094186
-0.094186
0.995555
-0.995555
0.995555
-0.995555
0.094186
-0.094186
0.995555
0
0.094186
-0.094186
0
-0.995555
0.995555
-0.995555
0
-0.229063
0
0
0
-0.229063
0
0
0.229063
-0.973412
0.973412
-0.229063
0.229063
-0.229063
0.973412
-0.973412
0.973412
0
0.973412
0
0.229063
-0.973412
0.229063
-0.973412
0.927569
0
0.373651
0
0
0
0
0
0.373651
-0.373651
0.373651
-0.927569
0.373651
-0.373651
0.927569
-0.927569
0
-0.927569
0
-0.927569
0.927569
-0.373651
0.927569
-0.373651
0.515645
0
0
-0.515645
0
0
0
0
0.515645
-0.856802
0.856802
-0.515645
0.515645
-0.515645
0.856802
-0.856802
0
-0.856802
0.856802
-0.856802
0.856802
-0.515645
0.515645
0
0.647165
0
0
0
0
0
0
-0.647165
0.76235
-0.76235
0.647165
-0.647165
0.647165
-0.76235
0.76235
-0.647165
0.647165
-0.647165
0.76235
-0.76235
0.76235
-0.76235
0.00949722
0.00949722
0.00949722
0.00949722
0.00949722
0.00949722
0.00949722
0.00949722
0.0035709
0.0035709
0.0035709
0.0035709
0.0035709
0.0035709
0.0035709
0.0035709
0.0035709
0.0035709
0.0035709
0.0035709
0.0035709
0.0035709
0.0035709
0.0035709
0.0035709
0.0035709
0.0035709
0.0035709
0.0035709
0.0035709
0.0035709
0.0035709
0.00549706
0.00549706
0.00549706
0.00549706
0.00549706
0.00549706
0.00549706
0.00549706
0.00549706
0.00549706
0.00549706
0.00549706
0.00549706
0.00549706
0.00549706
0.00549706
0.00549706
0.00549706
0.00549706
0.00549706
0.00549706
0.00549706
0.00549706
0.00549706
0.00680742
0.00680742
0.00680742
0.00680742
0.00680742
0.00680742
0.00680742
0.00680742
0.00680742
0.00680742
0.00680742
0.00680742
0.00680742
0.00680742
0.00680742
0.00680742
0.00680742
0.00680742
0.00680742
0.00680742
0.00680742
0.00680742
0.00680742
0.00680742
0.00772581
0.00772581
0.00772581
0.00772581
0.00772581
0.00772581
0.00772581
0.00772581
0.00772581
0.00772581
0.00772581
0.00772581
0.00772581
0.00772581
0.00772581
0.00772581
0.00772581
0.00772581
0.00772581
0.00772581
0.00772581
0.00772581
0.00772581
0.00772581
0.00837473
0.00837473
0.00837473
0.00837473
0.00837473
0.00837473
0.00837473
0.00837473
0.00837473
0.00837473
0.00837473
0.00837473
0.00837473
0.00837473
0.00837473
0.00837473
0.00837473
0.00837473
0.00837473
0.00837473
0.00837473
0.00837473
0.00837473
0.00837473
0.00882792
0.00882792
0.00882792
0.00882792
0.00882792
0.00882792
0.00882792
0.00882792
0.00882792
0.00882792
0.00882792
0.00882792
0.00882792
0.00882792
0.00882792
0.00882792
0.00882792
0.00882792
0.00882792
0.00882792
0.00882792
0.00882792
0.00882792
0.00882792
0.00913388
0.00913388
0.00913388
0.00913388
0.00913388
0.00913388
0.00913388
0.00913388
0.00913388
0.00913388
0.00913388
0.00913388
0.00913388
0.00913388
0.00913388
0.00913388
0.00913388
0.00913388
0.00913388
0.00913388
0.00913388
0.00913388
0.00913388
0.00913388
0.00932756
0.00932756
0.00932756
0.00932756
0.00932756
0.00932756
0.00932756
0.00932756
0.00932756
0.00932756
0.00932756
0.00932756
0.00932756
0.00932756
0.00932756
0.00932756
0.00932756
0.00932756
0.00932756
0.00932756
0.00932756
0.00932756
0.00932756
0.00932756
0.00943677
0.00943677
0.00943677
0.00943677
0.00943677
0.00943677
0.00943677
0.00943677
0.00943677
0.00943677
0.00943677
0.00943677
0.00943677
0.00943677
0.00943677
0.00943677
0.00943677
0.00943677
0.00943677
0.00943677
0.00943677
0.00943677
0.00943677
0.00943677
0.00948577
0.00948577
0.00948577
0.00948577
0.00948577
0.00948577
0.00948577
0.00948577
0.00948577
0.00948577
0.00948577
0.00948577
0.00948577
0.00948577
0.00948577
0.00948577
0.00948577
0.00948577
0.00948577
0.00948577
0.00948577
0.00948577
0.00948577
0.00948577
0.00949275
0.00949275
0.00949275
0.00949275
0.00949275
0.00949275
0.00949275
0.00949275
0.00949275
0.00949275
0.00949275
0.00949275
0.00949275
0.00949275
0.00949275
0.00949275
0.00949275
0.00949275
0.00949275
0.00949275
0.00949275
0.00949275
0.00949275
0.00949275
0.00949156
0.00949156
0.00949156
0.00949156
0.00949156
0.00949156
0.00949156
0.00949156
0.00949156
0.00949156
0.00949156
0.00949156
0.00949156
0.00949156
0.00949156
0.00949156
0.00949156
0.00949156
0.00949156
0.00949156
0.00949156
0.00949156
0.00949156
0.00949156
0.00950617
0.00950617
0.00950617
0.00950617
0.00950617
0.00950617
0.00950617
0.00950617
0.00950617
0.00950617
0.00950617
0.00950617
0.00950617
0.00950617
0.00950617
0.00950617
0.00950617
0.00950617
0.00950617
0.00950617
0.00950617
0.00950617
0.00950617
0.00950617
0.00953535
0.00953535
0.00953535
0.00953535
0.00953535
0.00953535
0.00953535
0.00953535
0.00953535
0.00953535
0.00953535
0.00953535
0.00953535
0.00953535
0.00953535
0.00953535
0.00953535
0.00953535
0.00953535
0.00953535
0.00953535
0.00953535
0.00953535
0.00953535
0.00956082
0.00956082
0.00956082
0.00956082
0.00956082
0.00956082
0.00956082
0.00956082
0.00956082
0.00956082
0.00956082
0.00956082
0.00956082
0.00956082
0.00956082
0.00956082
0.00956082
0.00956082
0.00956082
0.00956082
0.00956082
0.00956082
0.00956082
0.00956082
0.00947285
0.00947285
0.00947285
0.00947285
0.00947285
0.00947285
0.00947285
0.00947285
0.00947285
0.00947285
0.00947285
0.00947285
0.00947285
0.00947285
0.00947285
0.00947285
0.00947285
0.00947285
0.00947285
0.00947285
0.00947285
0.00947285
0.00947285
0.00947285
0.00947285
0.00947285
0.00947285
0.00947285
0.00947285
0.00947285
0.00947285
0.00947285
0.00947285
0.00947285
0.00947285
0.00947285
0.00947285
0.00947285
0.00947285
0.00947285
0.00947285
0.00947285
0.00947285
0.00947285
0.00947285
0.00947285
0.00947285
0.00947285
0.00940407
0.00940407
0.00940407
0.00940407
0.00940407
0.00940407
0.00940407
0.00940407
0.00940407
0.00940407
0.00940407
0.00940407
0.00940407
0.00940407
0.00940407
0.00940407
0.00940407
0.00940407
0.00940407
0.00940407
0.00940407
0.00940407
0.00940407
0.00940407
0.00940407
0.00940407
0.00940407
0.00940407
0.00940407
0.00940407
0.00940407
0.00940407
0.00940407
0.00940407
0.00940407
0.00940407
0.00940407
0.00940407
0.00940407
0.00940407
0.00940407
0.00940407
0.00940407
0.00940407
0.00940407
0.00940407
0.00940407
0.00940407
0.00926363
0.00926363
0.00926363
0.00926363
0.00926363
0.00926363
0.00926363
0.00926363
0.00926363
0.00926363
0.00926363
0.00926363
0.00926363
0.00926363
0.00926363
0.00926363
0.00926363
0.00926363
0.00926363
0.00926363
0.00926363
0.00926363
0.00926363
0.00926363
0.00926363
0.00926363
0.00926363
0.00926363
0.00926363
0.00926363
0.00926363
0.00926363
0.00926363
0.00926363
0.00926363
0.00926363
0.00926363
0.00926363
0.00926363
0.00926363
0.00926363
0.00926363
0.00926363
0.00926363
0.00926363
0.00926363
0.00926363
0.00926363
0.00902699
0.00902699
0.00902699
0.00902699
0.00902699
0.00902699
0.00902699
0.00902699
0.00902699
0.00902699
0.00902699
0.00902699
0.00902699
0.00902699
0.00902699
0.00902699
0.00902699
0.00902699
0.00902699
0.00902699
0.00902699
0.00902699
0.00902699
0.00902699
0.00902699
0.00902699
0.00902699
0.00902699
0.00902699
0.00902699
0.00902699
0.00902699
0.00902699
0.00902699
0.00902699
0.00902699
0.00902699
0.00902699
0.00902699
0.00902699
0.00902699
0.00902699
0.00902699
0.00902699
0.00902699
0.00902699
0.00902699
0.00902699
0.00866554
0.00866554
0.00866554
0.00866554
0.00866554
0.00866554
0.00866554
0.00866554
0.00866554
0.00866554
0.00866554
0.00866554
0.00866554
0.00866554
0.00866554
0.00866554
0.00866554
0.00866554
0.00866554
0.00866554
0.00866554
0.00866554
0.00866554
0.00866554
0.00866554
0.00866554
0.00866554
0.00866554
0.00866554
0.00866554
0.00866554
0.00866554
0.00866554
0.00866554
0.00866554
0.00866554
0.00866554
0.00866554
0.00866554
0.00866554
0.00866554
0.00866554
0.00866554
0.00866554
0.00866554
0.00866554
0.00866554
0.00866554
0.00814314
0.00814314
0.00814314
0.00814314
0.00814314
0.00814314
0.00814314
0.00814314
0.00814314
0.00814314
0.00814314
0.00814314
0.00814314
0.00814314
0.00814314
0.00814314
0.00814314
0.00814314
0.00814314
0.00814314
0.00814314
0.00814314
0.00814314
0.00814314
0.00814314
0.00814314
0.00814314
0.00814314
0.00814314
0.00814314
0.00814314
0.00814314
0.00814314
0.00814314
0.00814314
0.00814314
0.00814314
0.00814314
0.00814314
0.00814314
0.00814314
0.00814314
0.00814314
0.00814314
0.00814314
0.00814314
0.00814314
0.00814314
0.00741109
0.00741109
0.00741109
0.00741109
0.00741109
0.00741109
0.00741109
0.00741109
0.00741109
0.00741109
0.00741109
0.00741109
0.00741109
0.00741109
0.00741109
0.00741109
0.00741109
0.00741109
0.00741109
0.00741109
0.00741109
0.00741109
0.00741109
0.00741109
0.00741109
0.00741109
0.00741109
0.00741109
0.00741109
0.00741109
0.00741109
0.00741109
0.00741109
0.00741109
0.00741109
0.00741109
0.00741109
0.00741109
0.00741109
0.00741109
0.00741109
0.00741109
0.00741109
0.00741109
0.00741109
0.00741109
0.00741109
0.00741109
0.00640346
0.00640346
0.00640346
0.00640346
0.00640346
0.00640346
0.00640346
0.00640346
0.00640346
0.00640346
0.00640346
0.00640346
0.00640346
0.00640346
0.00640346
0.00640346
0.00640346
0.00640346
0.00640346
0.00640346
0.00640346
0.00640346
0.00640346
0.00640346
0.00640346
0.00640346
0.00640346
0.00640346
0.00640346
0.00640346
0.00640346
0.00640346
0.00640346
0.00640346
0.00640346
0.00640346
0.00640346
0.00640346
0.00640346
0.00640346
0.00640346
0.00640346
0.00640346
0.00640346
0.00640346
0.00640346
0.00640346
0.00640346
0.00947116
0.00947116
0.00947116
0.00947116
0.00947116
0.00947116
0.00947116
0.00947116
0.00947116
0.00947116
0.00947116
0.00947116
0.00947116
0.00947116
0.00947116
0.00947116
0.00947116
0.00947116
0.00947116
0.00947116
0.00947116
0.00947116
0.00947116
0.00947116
0.00947116
0.00947116
0.00947116
0.00947116
0.00947116
0.00947116
0.00947116
0.00947116
0.00947116
0.00947116
0.00947116
0.00947116
0.00947116
0.00947116
0.00947116
0.00947116
0.00947116
0.00947116
0.00947116
0.00947116
0.00947116
0.00947116
0.00947116
0.00947116
0.00939023
0.00939023
0.00939023
0.00939023
0.00939023
0.00939023
0.00939023
0.00939023
0.00939023
0.00939023
0.00939023
0.00939023
0.00939023
0.00939023
0.00939023
0.00939023
0.00939023
0.00939023
0.00939023
0.00939023
0.00939023
0.00939023
0.00939023
0.00939023
0.00939023
0.00939023
0.00939023
0.00939023
0.00939023
0.00939023
0.00939023
0.00939023
0.00939023
0.00939023
0.00939023
0.00939023
0.00939023
0.00939023
0.00939023
0.00939023
0.00939023
0.00939023
0.00939023
0.00939023
0.00939023
0.00939023
0.00939023
0.00939023
0.00922751
0.00922751
0.00922751
0.00922751
0.00922751
0.00922751
0.00922751
0.00922751
0.00922751
0.00922751
0.00922751
0.00922751
0.00922751
0.00922751
0.00922751
0.00922751
0.00922751
0.00922751
0.00922751
0.00922751
0.00922751
0.00922751
0.00922751
0.00922751
0.00922751
0.00922751
0.00922751
0.00922751
0.00922751
0.00922751
0.00922751
0.00922751
0.00922751
0.00922751
0.00922751
0.00922751
0.00922751
0.00922751
0.00922751
0.00922751
0.00922751
0.00922751
0.00922751
0.00922751
0.00922751
0.00922751
0.00922751
0.00922751
0.00896092
0.00896092
0.00896092
0.00896092
0.00896092
0.00896092
0.00896092
0.00896092
0.00896092
0.00896092
0.00896092
0.00896092
0.00896092
0.00896092
0.00896092
0.00896092
0.00896092
0.00896092
0.00896092
0.00896092
0.00896092
0.00896092
0.00896092
0.00896092
0.00896092
0.00896092
0.00896092
0.00896092
0.00896092
0.00896092
0.00896092
0.00896092
0.00896092
0.00896092
0.00896092
0.00896092
0.00896092
0.00896092
0.00896092
0.00896092
0.00896092
0.00896092
0.00896092
0.00896092
0.00896092
0.00896092
0.00896092
0.00896092
0.00856652
0.00856652
0.00856652
0.00856652
0.00856652
0.00856652
0.00856652
0.00856652
0.00856652
0.00856652
0.00856652
0.00856652
0.00856652
0.00856652
0.00856652
0.00856652
0.00856652
0.00856652
0.00856652
0.00856652
0.00856652
0.00856652
0.00856652
0.00856652
0.00856652
0.00856652
0.00856652
0.00856652
0.00856652
0.00856652
0.00856652
0.00856652
0.00856652
0.00856652
0.00856652
0.00856652
0.00856652
0.00856652
0.00856652
0.00856652
0.00856652
0.00856652
0.00856652
0.00856652
0.00856652
0.00856652
0.00856652
0.00856652
0.00801853
0.00801853
0.00801853
0.00801853
0.00801853
0.00801853
0.00801853
0.00801853
0.00801853
0.00801853
0.00801853
0.00801853
0.00801853
0.00801853
0.00801853
0.00801853
0.00801853
0.00801853
0.00801853
0.00801853
0.00801853
0.00801853
0.00801853
0.00801853
0.00801853
0.00801853
0.00801853
0.00801853
0.00801853
0.00801853
0.00801853
0.00801853
0.00801853
0.00801853
0.00801853
0.00801853
0.00801853
0.00801853
0.00801853
0.00801853
0.00801853
0.00801853
0.00801853
0.00801853
0.00801853
0.00801853
0.00801853
0.00801853
0.00948809
0.00948809
0.00948809
0.00948809
0.00948809
0.00948809
0.00948809
0.00948809
0.00948809
0.00948809
0.00948809
0.00948809
0.00948809
0.00948809
0.00948809
0.00948809
0.00948809
0.00948809
0.00948809
0.00948809
0.00948809
0.00948809
0.00948809
0.00948809
0.00948809
0.00948809
0.00948809
0.00948809
0.00948809
0.00948809
0.00948809
0.00948809
0.00948809
0.00948809
0.00948809
0.00948809
0.00948809
0.00948809
0.00948809
0.00948809
0.00948809
0.00948809
0.00948809
0.00948809
0.00948809
0.00948809
0.00948809
0.00948809
0.00939794
0.00939794
0.00939794
0.00939794
0.00939794
0.00939794
0.00939794
0.00939794
0.00939794
0.00939794
0.00939794
0.00939794
0.00939794
0.00939794
0.00939794
0.00939794
0.00939794
0.00939794
0.00939794
0.00939794
0.00939794
0.00939794
0.00939794
0.00939794
0.00939794
0.00939794
0.00939794
0.00939794
0.00939794
0.00939794
0.00939794
0.00939794
0.00939794
0.00939794
0.00939794
0.00939794
0.00939794
0.00939794
0.00939794
0.00939794
0.00939794
0.00939794
0.00939794
0.00939794
0.00939794
0.00939794
0.00939794
0.00939794
0.00921859
0.00921859
0.00921859
0.00921859
0.00921859
0.00921859
0.00921859
0.00921859
0.00921859
0.00921859
0.00921859
0.00921859
0.00921859
0.00921859
0.00921859
0.00921859
0.00921859
0.00921859
0.00921859
0.00921859
0.00921859
0.00921859
0.00921859
0.00921859
0.00921859
0.00921859
0.00921859
0.00921859
0.00921859
0.00921859
0.00921859
0.00921859
0.00921859
0.00921859
0.00921859
0.00921859
0.00921859
0.00921859
0.00921859
0.00921859
0.00921859
0.00921859
0.00921859
0.00921859
0.00921859
0.00921859
0.00921859
0.00921859
0.00893484
0.00893484
0.00893484
0.00893484
0.00893484
0.00893484
0.00893484
0.00893484
0.00893484
0.00893484
0.00893484
0.00893484
0.00893484
0.00893484
0.00893484
0.00893484
0.00893484
0.00893484
0.00893484
0.00893484
0.00893484
0.00893484
0.00893484
0.00893484
0.00893484
0.00893484
0.00893484
0.00893484
0.00893484
0.00893484
0.00893484
0.00893484
0.00893484
0.00893484
0.00893484
0.00893484
0.00893484
0.00893484
0.00893484
0.00893484
0.00893484
0.00893484
0.00893484
0.00893484
0.00893484
0.00893484
0.00893484
0.00893484
0.00951446
0.00951446
0.00951446
0.00951446
0.00951446
0.00951446
0.00951446
0.00951446
0.00951446
0.00951446
0.00951446
0.00951446
0.00951446
0.00951446
0.00951446
0.00951446
0.00951446
0.00951446
0.00951446
0.00951446
0.00951446
0.00951446
0.00951446
0.00951446
0.00951446
0.00951446
0.00951446
0.00951446
0.00951446
0.00951446
0.00951446
0.00951446
0.00951446
0.00951446
0.00951446
0.00951446
0.00951446
0.00951446
0.00951446
0.00951446
0.00951446
0.00951446
0.00951446
0.00951446
0.00951446
0.00951446
0.00951446
0.00951446
0.0094121
0.0094121
0.0094121
0.0094121
0.0094121
0.0094121
0.0094121
0.0094121
0.0094121
0.0094121
0.0094121
0.0094121
0.0094121
0.0094121
0.0094121
0.0094121
0.0094121
0.0094121
0.0094121
0.0094121
0.0094121
0.0094121
0.0094121
0.0094121
0.0094121
0.0094121
0.0094121
0.0094121
0.0094121
0.0094121
0.0094121
0.0094121
0.0094121
0.0094121
0.0094121
0.0094121
0.0094121
0.0094121
0.0094121
0.0094121
0.0094121
0.0094121
0.0094121
0.0094121
0.0094121
0.0094121
0.0094121
0.0094121
0.000977307
0.000977307
0.00505379
0.00505379
0.000977307
0.000977307
0.000977307
0.000977307
0.00505379
0.00505379
0.00505379
0.00505379
0.00505379
0.00505379
0.00505379
0.00505379
0.00505379
0.00505379
0.00505379
0.00505379
0.00505379
0.00505379
0.00505379
0.00505379
0.00505379
0.00729462
0.00505379
0.00505379
0.00729462
0.00505379
0.00505379
0.00505379
0.00729462
0.00729462
0.00729462
0.00729462
0.00729462
0.00729462
0.00729462
0.00729462
0.00729462
0.00729462
0.00729462
0.00729462
0.00729462
0.00729462
0.00729462
0.00729462
0.00729462
0.00853527
0.00729462
0.00853527
0.00729462
0.00729462
0.00729462
0.00729462
0.00853527
0.00853527
0.00853527
0.00853527
0.00853527
0.00853527
0.00853527
0.00853527
0.00853527
0.00853527
0.00853527
0.00853527
0.00853527
0.00853527
0.00853527
0.00853527
0.00921962
0.00853527
0.00921962
0.00853527
0.00853527
0.00853527
0.00853527
0.00853527
0.00921962
0.00921962
0.00921962
0.00921962
0.00921962
0.00921962
0.00921962
0.00921962
0.00921962
0.00921962
0.00921962
0.00921962
0.00921962
0.00921962
0.00921962
0.00921962
0.00952765
0.00921962
0.00921962
0.00921962
0.00921962
0.00921962
0.00921962
0.00952765
0.00952765
0.00952765
0.00952765
0.00952765
0.00952765
0.00952765
0.00952765
0.00952765
0.00952765
0.00952765
0.00952765
0.00952765
0.00952765
0.00952765
0.00952765
0.00952765
0.00952765
0.00952765
0.00952765
0.00952765
0.00952765
0.00952765
