146
1
-1
0
0
0
0
0
0
0
0
0.707107
-0.707107
0.707107
-0.707107
0.707107
-0.707107
0.707107
-0.707107
0.57735
-0.57735
0.57735
-0.57735
0.57735
-0.57735
0.57735
-0.57735
0.676441
-0.676441
0.676441
-0.676441
0.676441
-0.676441
0.676441
-0.676441
0.676441
-0.676441
0.676441
-0.676441
0.676441
-0.676441
0.676441
-0.676441
0.291299
-0.291299
0.291299
-0.291299
0.291299
-0.291299
0.291299
-0.291299
0.417496
-0.417496
0.417496
-0.417496
0.417496
-0.417496
0.417496
-0.417496
0.417496
-0.417496
0.417496
-0.417496
0.417496
-0.417496
0.417496
-0.417496
0.80709
-0.80709
0.80709
-0.80709
0.80709
-0.80709
0.80709
-0.80709
0.157468
-0.157468
0.157468
-0.157468
0.157468
-0.157468
0.157468
-0.157468
0.157468
-0.157468
0.157468
-0.157468
0.157468
-0.157468
0.157468
-0.157468
0.974889
-0.974889
0.974889
-0.974889
0.974889
-0.974889
0.974889
-0.974889
0.140355
-0.140355
0.140355
-0.140355
0.140355
-0.140355
0.140355
-0.140355
0.140355
-0.140355
0.140355
-0.140355
0.140355
-0.140355
0.140355
-0.140355
0.449333
-0.449333
0.449333
-0.449333
0.449333
-0.449333
0.449333
-0.449333
0.449333
-0.449333
0.449333
-0.449333
0.449333
-0.449333
0.449333
-0.449333
0.88227
-0.88227
0.88227
-0.88227
0.88227
-0.88227
0.88227
-0.88227
0.88227
-0.88227
0.88227
-0.88227
0.88227
-0.88227
0.88227
-0.88227
0
0
1
-1
0
0
0.707107
-0.707107
0.707107
-0.707107
0
0
0
0
0.707107
0.707107
-0.707107
-0.707107
0.57735
0.57735
-0.57735
-0.57735
0.57735
0.57735
-0.57735
-0.57735
0.676441
0.676441
-0.676441
-0.676441
0.676441
0.676441
-0.676441
-0.676441
0.291299
0.291299
-0.291299
-0.291299
0.291299
0.291299
-0.291299
-0.291299
0.676441
0.676441
-0.676441
-0.676441
0.676441
0.676441
-0.676441
-0.676441
0.417496
0.417496
-0.417496
-0.417496
0.417496
0.417496
-0.417496
-0.417496
0.80709
0.80709
-0.80709
-0.80709
0.80709
0.80709
-0.80709
-0.80709
0.417496
0.417496
-0.417496
-0.417496
0.417496
0.417496
-0.417496
-0.417496
0.157468
0.157468
-0.157468
-0.157468
0.157468
0.157468
-0.157468
-0.157468
0.974889
0.974889
-0.974889
-0.974889
0.974889
0.974889
-0.974889
-0.974889
0.157468
0.157468
-0.157468
-0.157468
0.157468
0.157468
-0.157468
-0.157468
0.449333
0.449333
-0.449333
-0.449333
0.449333
0.449333
-0.449333
-0.449333
0.88227
0.88227
-0.88227
-0.88227
0.88227
0.88227
-0.88227
-0.88227
0.140355
0.140355
-0.140355
-0.140355
0.140355
0.140355
-0.140355
-0.140355
0.88227
0.88227
-0.88227
-0.88227
0.88227
0.88227
-0.88227
-0.88227
0.140355
0.140355
-0.140355
-0.140355
0.140355
0.140355
-0.140355
-0.140355
0.449333
0.449333
-0.449333
-0.449333
0.449333
0.449333
-0.449333
-0.449333
0
0
0
0
1
-1
0.707107
0.707107
-0.707107
-0.707107
0.707107
0.707107
-0.707107
-0.707107
0
0
0
0
0.57735
0.57735
0.57735
0.57735
-0.57735
-0.57735
-0.57735
-0.57735
0.291299
0.291299
0.291299
0.291299
-0.291299
-0.291299
-0.291299
-0.291299
0.676441
0.676441
0.676441
0.676441
-0.676441
-0.676441
-0.676441
-0.676441
0.676441
0.676441
0.676441
0.676441
-0.676441
-0.676441
-0.676441
-0.676441
0.80709
0.80709
0.80709
0.80709
-0.80709
-0.80709
-0.80709
-0.80709
0.417496
0.417496
0.417496
0.417496
-0.417496
-0.417496
-0.417496
-0.417496
0.417496
0.417496
0.417496
0.417496
-0.417496
-0.417496
-0.417496
-0.417496
0.974889
0.974889
0.974889
0.974889
-0.974889
-0.974889
-0.974889
-0.974889
0.157468
0.157468
0.157468
0.157468
-0.157468
-0.157468
-0.157468
-0.157468
0.157468
0.157468
0.157468
0.157468
-0.157468
-0.157468
-0.157468
-0.157468
0.88227
0.88227
0.88227
0.88227
-0.88227
-0.88227
-0.88227
-0.88227
0.449333
0.449333
0.449333
0.449333
-0.449333
-0.449333
-0.449333
-0.449333
0.88227
0.88227
0.88227
0.88227
-0.88227
-0.88227
-0.88227
-0.88227
0.140355
0.140355
0.140355
0.140355
-0.140355
-0.140355
-0.140355
-0.140355
0.449333
0.449333
0.449333
0.449333
-0.449333
-0.449333
-0.449333
-0.449333
0.140355
0.140355
0.140355
0.140355
-0.140355
-0.140355
-0.140355
-0.140355
0.00753519
0.00753519
0.00753519
0.00753519
0.00753519
0.00753519
0.0926518
0.0926518
0.0926518
0.0926518
0.0926518
0.0926518
0.0926518
0.0926518
0.0926518
0.0926518
0.0926518
0.0926518
0.09061
0.09061
0.09061
0.09061
0.09061
0.09061
0.09061
0.09061
0.0894268
0.0894268
0.0894268
0.0894268
0.0894268
0.0894268
0.0894268
0.0894268
0.0894268
0.0894268
0.0894268
0.0894268
0.0894268
0.0894268
0.0894268
0.0894268
0.0894268
0.0894268
0.0894268
0.0894268
0.0894268
0.0894268
0.0894268
0.0894268
0.0848711
0.0848711
0.0848711
0.0848711
0.0848711
0.0848711
0.0848711
0.0848711
0.0848711
0.0848711
0.0848711
0.0848711
0.0848711
0.0848711
0.0848711
0.0848711
0.0848711
0.0848711
0.0848711
0.0848711
0.0848711
0.0848711
0.0848711
0.0848711
0.0951826
0.0951826
0.0951826
0.0951826
0.0951826
0.0951826
0.0951826
0.0951826
0.0951826
0.0951826
0.0951826
0.0951826
0.0951826
0.0951826
0.0951826
0.0951826
0.0951826
0.0951826
0.0951826
0.0951826
0.0951826
0.0951826
0.0951826
0.0951826
0.0878526
0.0878526
0.0878526
0.0878526
0.0878526
0.0878526
0.0878526
0.0878526
0.0878526
0.0878526
0.0878526
0.0878526
0.0878526
0.0878526
0.0878526
0.0878526
0.0878526
0.0878526
0.0878526
0.0878526
0.0878526
0.0878526
0.0878526
0.0878526
0.0878526
0.0878526
0.0878526
0.0878526
0.0878526
0.0878526
0.0878526
0.0878526
0.0878526
0.0878526
0.0878526
0.0878526
0.0878526
0.0878526
0.0878526
0.0878526
0.0878526
0.0878526
0.0878526
0.0878526
0.0878526
0.0878526
0.0878526
0.0878526
