170
0.57735
0.57735
0.57735
0.57735
-0.57735
-0.57735
-0.57735
-0.57735
0.255125
0.255125
0.255125
0.255125
-0.255125
-0.255125
-0.255125
-0.255125
0.255125
0.255125
0.255125
0.255125
-0.255125
-0.255125
-0.255125
-0.255125
0.932643
0.932643
0.932643
0.932643
-0.932643
-0.932643
-0.932643
-0.932643
0.67436
0.67436
0.67436
0.67436
-0.67436
-0.67436
-0.67436
-0.67436
0.67436
0.67436
0.67436
0.67436
-0.67436
-0.67436
-0.67436
-0.67436
0.300794
0.300794
0.300794
0.300794
-0.300794
-0.300794
-0.300794
-0.300794
0.431891
0.431891
0.431891
0.431891
-0.431891
-0.431891
-0.431891
-0.431891
0.431891
0.431891
0.431891
0.431891
-0.431891
-0.431891
-0.431891
-0.431891
0.791796
0.791796
0.791796
0.791796
-0.791796
-0.791796
-0.791796
-0.791796
0.499045
0.499045
0.499045
0.499045
-0.499045
-0.499045
-0.499045
-0.499045
0.499045
0.499045
0.499045
0.499045
-0.499045
-0.499045
-0.499045
-0.499045
0.144663
0.144663
0.144663
0.144663
-0.144663
-0.144663
-0.144663
-0.144663
0.144663
0.144663
0.144663
0.144663
-0.144663
-0.144663
-0.144663
-0.144663
0.854416
0.854416
0.854416
0.854416
-0.854416
-0.854416
-0.854416
-0.854416
0.854416
0.854416
0.854416
0.854416
-0.854416
-0.854416
-0.854416
-0.854416
0
0
0
1
0
-1
0
0
0.707107
0
0.707107
0.707107
0
-0.707107
-0.707107
-0.707107
0.707107
0.261393
0.965232
0.261393
-0.707107
-0.261393
-0.965232
-0.261393
0.965232
0.261393
0.261393
0.965232
-0.261393
-0.965232
-0.965232
-0.261393
0.965232
0
0
0
0
-0.965232
0
0
0
0
0.57735
0.57735
-0.57735
-0.57735
0.57735
0.57735
-0.57735
-0.57735
0.255125
0.255125
-0.255125
-0.255125
0.255125
0.255125
-0.255125
-0.255125
0.932643
0.932643
-0.932643
-0.932643
0.932643
0.932643
-0.932643
-0.932643
0.255125
0.255125
-0.255125
-0.255125
0.255125
0.255125
-0.255125
-0.255125
0.67436
0.67436
-0.67436
-0.67436
0.67436
0.67436
-0.67436
-0.67436
0.300794
0.300794
-0.300794
-0.300794
0.300794
0.300794
-0.300794
-0.300794
0.67436
0.67436
-0.67436
-0.67436
0.67436
0.67436
-0.67436
-0.67436
0.431891
0.431891
-0.431891
-0.431891
0.431891
0.431891
-0.431891
-0.431891
0.791796
0.791796
-0.791796
-0.791796
0.791796
0.791796
-0.791796
-0.791796
0.431891
0.431891
-0.431891
-0.431891
0.431891
0.431891
-0.431891
-0.431891
0.144663
0.144663
-0.144663
-0.144663
0.144663
0.144663
-0.144663
-0.144663
0.854416
0.854416
-0.854416
-0.854416
0.854416
0.854416
-0.854416
-0.854416
0.499045
0.499045
-0.499045
-0.499045
0.499045
0.499045
-0.499045
-0.499045
0.854416
0.854416
-0.854416
-0.854416
0.854416
0.854416
-0.854416
-0.854416
0.499045
0.499045
-0.499045
-0.499045
0.499045
0.499045
-0.499045
-0.499045
0.144663
0.144663
-0.144663
-0.144663
0.144663
0.144663
-0.144663
-0.144663
0
0
-0.707107
0
1
0
-1
-0.707107
0
0.707107
-0.707107
0
0.707107
0
0
-0.707107
0.707107
0.965232
-0.261393
-0.965232
0.707107
0.965232
-0.261393
-0.965232
0.261393
0
0
0
0
0.261393
0
0
0
0.261393
-0.965232
-0.261393
0.261393
0
-0.261393
-0.965232
0.965232
0.965232
0.57735
-0.57735
0.57735
-0.57735
0.57735
-0.57735
0.57735
-0.57735
0.932643
-0.932643
0.932643
-0.932643
0.932643
-0.932643
0.932643
-0.932643
0.255125
-0.255125
0.255125
-0.255125
0.255125
-0.255125
0.255125
-0.255125
0.255125
-0.255125
0.255125
-0.255125
0.255125
-0.255125
0.255125
-0.255125
0.300794
-0.300794
0.300794
-0.300794
0.300794
-0.300794
0.300794
-0.300794
0.67436
-0.67436
0.67436
-0.67436
0.67436
-0.67436
0.67436
-0.67436
0.67436
-0.67436
0.67436
-0.67436
0.67436
-0.67436
0.67436
-0.67436
0.791796
-0.791796
0.791796
-0.791796
0.791796
-0.791796
0.791796
-0.791796
0.431891
-0.431891
0.431891
-0.431891
0.431891
-0.431891
0.431891
-0.431891
0.431891
-0.431891
0.431891
-0.431891
0.431891
-0.431891
0.431891
-0.431891
0.854416
-0.854416
0.854416
-0.854416
0.854416
-0.854416
0.854416
-0.854416
0.144663
-0.144663
0.144663
-0.144663
0.144663
-0.144663
0.144663
-0.144663
0.854416
-0.854416
0.854416
-0.854416
0.854416
-0.854416
0.854416
-0.854416
0.499045
-0.499045
0.499045
-0.499045
0.499045
-0.499045
0.499045
-0.499045
0.144663
-0.144663
0.144663
-0.144663
0.144663
-0.144663
0.144663
-0.144663
0.499045
-0.499045
0.499045
-0.499045
0.499045
-0.499045
0.499045
-0.499045
1
-1
0.707107
0
0
0
0
-0.707107
0.707107
-0.707107
0
-0.707107
0.707107
-0.707107
0.707107
0
0
0
0
0
0
0
0
0
0
-0.965232
0.965232
-0.261393
0.965232
0
0.261393
-0.965232
0.261393
-0.965232
0.261393
-0.965232
0.965232
-0.261393
0.965232
-0.261393
0.261393
-0.261393
0.0802196
0.0802196
0.0802196
0.0802196
0.0802196
0.0802196
0.0802196
0.0802196
0.0651364
0.0651364
0.0651364
0.0651364
0.0651364
0.0651364
0.0651364
0.0651364
0.0651364
0.0651364
0.0651364
0.0651364
0.0651364
0.0651364
0.0651364
0.0651364
0.0651364
0.0651364
0.0651364
0.0651364
0.0651364
0.0651364
0.0651364
0.0651364
0.0793934
0.0793934
0.0793934
0.0793934
0.0793934
0.0793934
0.0793934
0.0793934
0.0793934
0.0793934
0.0793934
0.0793934
0.0793934
0.0793934
0.0793934
0.0793934
0.0793934
0.0793934
0.0793934
0.0793934
0.0793934
0.0793934
0.0793934
0.0793934
0.0779325
0.0779325
0.0779325
0.0779325
0.0779325
0.0779325
0.0779325
0.0779325
0.0779325
0.0779325
0.0779325
0.0779325
0.0779325
0.0779325
0.0779325
0.0779325
0.0779325
0.0779325
0.0779325
0.0779325
0.0779325
0.0779325
0.0779325
0.0779325
0.0750009
0.0750009
0.0750009
0.0750009
0.0750009
0.0750009
0.0750009
0.0750009
0.0750009
0.0750009
0.0750009
0.0750009
0.0750009
0.0750009
0.0750009
0.0750009
0.0750009
0.0750009
0.0750009
0.0750009
0.0750009
0.0750009
0.0750009
0.0750009
0.0750009
0.0750009
0.0750009
0.0750009
0.0750009
0.0750009
0.0750009
0.0750009
0.0750009
0.0750009
0.0750009
0.0750009
0.0750009
0.0750009
0.0750009
0.0750009
0.0750009
0.0750009
0.0750009
0.0750009
0.0750009
0.0750009
0.0750009
0.0750009
0.0696786
0.0696786
0.0762946
0.0696786
0.0696786
0.0696786
0.0696786
0.0762946
0.0762946
0.0762946
0.0762946
0.0762946
0.0762946
0.0762946
0.0762946
0.0762946
0.0762946
0.0688278
0.0688278
0.0688278
0.0762946
0.0688278
0.0688278
0.0688278
0.0688278
0.0688278
0.0688278
0.0688278
0.0688278
0.0688278
0.0688278
0.0688278
0.0688278
0.0688278
0.0688278
0.0688278
0.0688278
0.0688278
0.0688278
0.0688278
0.0688278
0.0688278
