1730
0.57735
0.57735
0.57735
0.57735
-0.57735
-0.57735
-0.57735
-0.57735
0.0286092
0.0286092
0.0286092
0.0286092
-0.0286092
-0.0286092
-0.0286092
-0.0286092
0.0286092
0.0286092
0.0286092
0.0286092
-0.0286092
-0.0286092
-0.0286092
-0.0286092
0.999181
0.999181
0.999181
0.999181
-0.999181
-0.999181
-0.999181
-0.999181
0.0714256
0.0714256
0.0714256
0.0714256
-0.0714256
-0.0714256
-0.0714256
-0.0714256
0.0714256
0.0714256
0.0714256
0.0714256
-0.0714256
-0.0714256
-0.0714256
-0.0714256
0.994885
0.994885
0.994885
0.994885
-0.994885
-0.994885
-0.994885
-0.994885
0.12092
0.12092
0.12092
0.12092
-0.12092
-0.12092
-0.12092
-0.12092
0.12092
0.12092
0.12092
0.12092
-0.12092
-0.12092
-0.12092
-0.12092
0.98527
0.98527
0.98527
0.98527
-0.98527
-0.98527
-0.98527
-0.98527
0.173867
0.173867
0.173867
0.173867
-0.173867
-0.173867
-0.173867
-0.173867
0.173867
0.173867
0.173867
0.173867
-0.173867
-0.173867
-0.173867
-0.173867
0.969299
0.969299
0.969299
0.969299
-0.969299
-0.969299
-0.969299
-0.969299
0.228465
0.228465
0.228465
0.228465
-0.228465
-0.228465
-0.228465
-0.228465
0.228465
0.228465
0.228465
0.228465
-0.228465
-0.228465
-0.228465
-0.228465
0.946366
0.946366
0.946366
0.946366
-0.946366
-0.946366
-0.946366
-0.946366
0.283481
0.283481
0.283481
0.283481
-0.283481
-0.283481
-0.283481
-0.283481
0.283481
0.283481
0.283481
0.283481
-0.283481
-0.283481
-0.283481
-0.283481
0.916121
0.916121
0.916121
0.916121
-0.916121
-0.916121
-0.916121
-0.916121
0.337968
0.337968
0.337968
0.337968
-0.337968
-0.337968
-0.337968
-0.337968
0.337968
0.337968
0.337968
0.337968
-0.337968
-0.337968
-0.337968
-0.337968
0.878382
0.878382
0.878382
0.878382
-0.878382
-0.878382
-0.878382
-0.878382
0.391136
0.391136
0.391136
0.391136
-0.391136
-0.391136
-0.391136
-0.391136
0.391136
0.391136
0.391136
0.391136
-0.391136
-0.391136
-0.391136
-0.391136
0.833082
0.833082
0.833082
0.833082
-0.833082
-0.833082
-0.833082
-0.833082
0.442286
0.442286
0.442286
0.442286
-0.442286
-0.442286
-0.442286
-0.442286
0.442286
0.442286
0.442286
0.442286
-0.442286
-0.442286
-0.442286
-0.442286
0.780235
0.780235
0.780235
0.780235
-0.780235
-0.780235
-0.780235
-0.780235
0.490778
0.490778
0.490778
0.490778
-0.490778
-0.490778
-0.490778
-0.490778
0.490778
0.490778
0.490778
0.490778
-0.490778
-0.490778
-0.490778
-0.490778
0.719912
0.719912
0.719912
0.719912
-0.719912
-0.719912
-0.719912
-0.719912
0.536001
0.536001
0.536001
0.536001
-0.536001
-0.536001
-0.536001
-0.536001
0.536001
0.536001
0.536001
0.536001
-0.536001
-0.536001
-0.536001
-0.536001
0.652232
0.652232
0.652232
0.652232
-0.652232
-0.652232
-0.652232
-0.652232
0.614211
0.614211
0.614211
0.614211
-0.614211
-0.614211
-0.614211
-0.614211
0.614211
0.614211
0.614211
0.614211
-0.614211
-0.614211
-0.614211
-0.614211
0.49547
0.49547
0.49547
0.49547
-0.49547
-0.49547
-0.49547
-0.49547
0.64593
0.64593
0.64593
0.64593
-0.64593
-0.64593
-0.64593
-0.64593
0.64593
0.64593
0.64593
0.64593
-0.64593
-0.64593
-0.64593
-0.64593
0.406877
0.406877
0.406877
0.406877
-0.406877
-0.406877
-0.406877
-0.406877
0.671806
0.671806
0.671806
0.671806
-0.671806
-0.671806
-0.671806
-0.671806
0.671806
0.671806
0.671806
0.671806
-0.671806
-0.671806
-0.671806
-0.671806
0.312017
0.312017
0.312017
0.312017
-0.312017
-0.312017
-0.312017
-0.312017
0.691089
0.691089
0.691089
0.691089
-0.691089
-0.691089
-0.691089
-0.691089
0.691089
0.691089
0.691089
0.691089
-0.691089
-0.691089
-0.691089
-0.691089
0.211642
0.211642
0.211642
0.211642
-0.211642
-0.211642
-0.211642
-0.211642
0.703047
0.703047
0.703047
0.703047
-0.703047
-0.703047
-0.703047
-0.703047
0.703047
0.703047
0.703047
0.703047
-0.703047
-0.703047
-0.703047
-0.703047
0.107007
0.107007
0.107007
0.107007
-0.107007
-0.107007
-0.107007
-0.107007
0.139498
0.139498
0.139498
0.139498
-0.139498
-0.139498
-0.139498
-0.139498
0.139498
0.139498
0.139498
0.139498
-0.139498
-0.139498
-0.139498
-0.139498
0.0409758
0.0409758
0.0409758
0.0409758
-0.0409758
-0.0409758
-0.0409758
-0.0409758
0.0409758
0.0409758
0.0409758
0.0409758
-0.0409758
-0.0409758
-0.0409758
-0.0409758
0.989374
0.989374
0.989374
0.989374
-0.989374
-0.989374
-0.989374
-0.989374
0.989374
0.989374
0.989374
0.989374
-0.989374
-0.989374
-0.989374
-0.989374
0.1968
0.1968
0.1968
0.1968
-0.1968
-0.1968
-0.1968
-0.1968
0.1968
0.1968
0.1968
0.1968
-0.1968
-0.1968
-0.1968
-0.1968
0.0885199
0.0885199
0.0885199
0.0885199
-0.0885199
-0.0885199
-0.0885199
-0.0885199
0.0885199
0.0885199
0.0885199
0.0885199
-0.0885199
-0.0885199
-0.0885199
-0.0885199
0.976439
0.976439
0.976439
0.976439
-0.976439
-0.976439
-0.976439
-0.976439
0.976439
0.976439
0.976439
0.976439
-0.976439
-0.976439
-0.976439
-0.976439
0.254618
0.254618
0.254618
0.254618
-0.254618
-0.254618
-0.254618
-0.254618
0.254618
0.254618
0.254618
0.254618
-0.254618
-0.254618
-0.254618
-0.254618
0.139768
0.139768
0.139768
0.139768
-0.139768
-0.139768
-0.139768
-0.139768
0.139768
0.139768
0.139768
0.139768
-0.139768
-0.139768
-0.139768
-0.139768
0.956888
0.956888
0.956888
0.956888
-0.956888
-0.956888
-0.956888
-0.956888
0.956888
0.956888
0.956888
0.956888
-0.956888
-0.956888
-0.956888
-0.956888
0.312128
0.312128
0.312128
0.312128
-0.312128
-0.312128
-0.312128
-0.312128
0.312128
0.312128
0.312128
0.312128
-0.312128
-0.312128
-0.312128
-0.312128
0.192945
0.192945
0.192945
0.192945
-0.192945
-0.192945
-0.192945
-0.192945
0.192945
0.192945
0.192945
0.192945
-0.192945
-0.192945
-0.192945
-0.192945
0.930241
0.930241
0.930241
0.930241
-0.930241
-0.930241
-0.930241
-0.930241
0.930241
0.930241
0.930241
0.930241
-0.930241
-0.930241
-0.930241
-0.930241
0.368598
0.368598
0.368598
0.368598
-0.368598
-0.368598
-0.368598
-0.368598
0.368598
0.368598
0.368598
0.368598
-0.368598
-0.368598
-0.368598
-0.368598
0.24679
0.24679
0.24679
0.24679
-0.24679
-0.24679
-0.24679
-0.24679
0.24679
0.24679
0.24679
0.24679
-0.24679
-0.24679
-0.24679
-0.24679
0.896231
0.896231
0.896231
0.896231
-0.896231
-0.896231
-0.896231
-0.896231
0.896231
0.896231
0.896231
0.896231
-0.896231
-0.896231
-0.896231
-0.896231
0.423376
0.423376
0.423376
0.423376
-0.423376
-0.423376
-0.423376
-0.423376
0.423376
0.423376
0.423376
0.423376
-0.423376
-0.423376
-0.423376
-0.423376
0.30031
0.30031
0.30031
0.30031
-0.30031
-0.30031
-0.30031
-0.30031
0.30031
0.30031
0.30031
0.30031
-0.30031
-0.30031
-0.30031
-0.30031
0.854732
0.854732
0.854732
0.854732
-0.854732
-0.854732
-0.854732
-0.854732
0.854732
0.854732
0.854732
0.854732
-0.854732
-0.854732
-0.854732
-0.854732
0.475867
0.475867
0.475867
0.475867
-0.475867
-0.475867
-0.475867
-0.475867
0.475867
0.475867
0.475867
0.475867
-0.475867
-0.475867
-0.475867
-0.475867
0.352668
0.352668
0.352668
0.352668
-0.352668
-0.352668
-0.352668
-0.352668
0.352668
0.352668
0.352668
0.352668
-0.352668
-0.352668
-0.352668
-0.352668
0.805714
0.805714
0.805714
0.805714
-0.805714
-0.805714
-0.805714
-0.805714
0.805714
0.805714
0.805714
0.805714
-0.805714
-0.805714
-0.805714
-0.805714
0.525518
0.525518
0.525518
0.525518
-0.525518
-0.525518
-0.525518
-0.525518
0.525518
0.525518
0.525518
0.525518
-0.525518
-0.525518
-0.525518
-0.525518
0.403113
0.403113
0.403113
0.403113
-0.403113
-0.403113
-0.403113
-0.403113
0.403113
0.403113
0.403113
0.403113
-0.403113
-0.403113
-0.403113
-0.403113
0.74922
0.74922
0.74922
0.74922
-0.74922
-0.74922
-0.74922
-0.74922
0.74922
0.74922
0.74922
0.74922
-0.74922
-0.74922
-0.74922
-0.74922
0.571803
0.571803
0.571803
0.571803
-0.571803
-0.571803
-0.571803
-0.571803
0.571803
0.571803
0.571803
0.571803
-0.571803
-0.571803
-0.571803
-0.571803
0.450943
0.450943
0.450943
0.450943
-0.450943
-0.450943
-0.450943
-0.450943
0.450943
0.450943
0.450943
0.450943
-0.450943
-0.450943
-0.450943
-0.450943
0.685341
0.685341
0.685341
0.685341
-0.685341
-0.685341
-0.685341
-0.685341
0.685341
0.685341
0.685341
0.685341
-0.685341
-0.685341
-0.685341
-0.685341
0.268693
0.268693
0.268693
0.268693
-0.268693
-0.268693
-0.268693
-0.268693
0.268693
0.268693
0.268693
0.268693
-0.268693
-0.268693
-0.268693
-0.268693
0.0471132
0.0471132
0.0471132
0.0471132
-0.0471132
-0.0471132
-0.0471132
-0.0471132
0.0471132
0.0471132
0.0471132
0.0471132
-0.0471132
-0.0471132
-0.0471132
-0.0471132
0.962073
0.962073
0.962073
0.962073
-0.962073
-0.962073
-0.962073
-0.962073
0.962073
0.962073
0.962073
0.962073
-0.962073
-0.962073
-0.962073
-0.962073
0.330601
0.330601
0.330601
0.330601
-0.330601
-0.330601
-0.330601
-0.330601
0.330601
0.330601
0.330601
0.330601
-0.330601
-0.330601
-0.330601
-0.330601
0.0978449
0.0978449
0.0978449
0.0978449
-0.0978449
-0.0978449
-0.0978449
-0.0978449
0.0978449
0.0978449
0.0978449
0.0978449
-0.0978449
-0.0978449
-0.0978449
-0.0978449
0.938685
0.938685
0.938685
0.938685
-0.938685
-0.938685
-0.938685
-0.938685
0.938685
0.938685
0.938685
0.938685
-0.938685
-0.938685
-0.938685
-0.938685
0.390491
0.390491
0.390491
0.390491
-0.390491
-0.390491
-0.390491
-0.390491
0.390491
0.390491
0.390491
0.390491
-0.390491
-0.390491
-0.390491
-0.390491
0.15054
0.15054
0.15054
0.15054
-0.15054
-0.15054
-0.15054
-0.15054
0.15054
0.15054
0.15054
0.15054
-0.15054
-0.15054
-0.15054
-0.15054
0.908215
0.908215
0.908215
0.908215
-0.908215
-0.908215
-0.908215
-0.908215
0.908215
0.908215
0.908215
0.908215
-0.908215
-0.908215
-0.908215
-0.908215
0.447996
0.447996
0.447996
0.447996
-0.447996
-0.447996
-0.447996
-0.447996
0.447996
0.447996
0.447996
0.447996
-0.447996
-0.447996
-0.447996
-0.447996
0.203973
0.203973
0.203973
0.203973
-0.203973
-0.203973
-0.203973
-0.203973
0.203973
0.203973
0.203973
0.203973
-0.203973
-0.203973
-0.203973
-0.203973
0.870457
0.870457
0.870457
0.870457
-0.870457
-0.870457
-0.870457
-0.870457
0.870457
0.870457
0.870457
0.870457
-0.870457
-0.870457
-0.870457
-0.870457
0.502708
0.502708
0.502708
0.502708
-0.502708
-0.502708
-0.502708
-0.502708
0.502708
0.502708
0.502708
0.502708
-0.502708
-0.502708
-0.502708
-0.502708
0.257153
0.257153
0.257153
0.257153
-0.257153
-0.257153
-0.257153
-0.257153
0.257153
0.257153
0.257153
0.257153
-0.257153
-0.257153
-0.257153
-0.257153
0.825323
0.825323
0.825323
0.825323
-0.825323
-0.825323
-0.825323
-0.825323
0.825323
0.825323
0.825323
0.825323
-0.825323
-0.825323
-0.825323
-0.825323
0.554209
0.554209
0.554209
0.554209
-0.554209
-0.554209
-0.554209
-0.554209
0.554209
0.554209
0.554209
0.554209
-0.554209
-0.554209
-0.554209
-0.554209
0.309219
0.309219
0.309219
0.309219
-0.309219
-0.309219
-0.309219
-0.309219
0.309219
0.309219
0.309219
0.309219
-0.309219
-0.309219
-0.309219
-0.309219
0.772811
0.772811
0.772811
0.772811
-0.772811
-0.772811
-0.772811
-0.772811
0.772811
0.772811
0.772811
0.772811
-0.772811
-0.772811
-0.772811
-0.772811
0.602085
0.602085
0.602085
0.602085
-0.602085
-0.602085
-0.602085
-0.602085
0.602085
0.602085
0.602085
0.602085
-0.602085
-0.602085
-0.602085
-0.602085
0.359381
0.359381
0.359381
0.359381
-0.359381
-0.359381
-0.359381
-0.359381
0.359381
0.359381
0.359381
0.359381
-0.359381
-0.359381
-0.359381
-0.359381
0.712979
0.712979
0.712979
0.712979
-0.712979
-0.712979
-0.712979
-0.712979
0.712979
0.712979
0.712979
0.712979
-0.712979
-0.712979
-0.712979
-0.712979
0.401985
0.401985
0.401985
0.401985
-0.401985
-0.401985
-0.401985
-0.401985
0.401985
0.401985
0.401985
0.401985
-0.401985
-0.401985
-0.401985
-0.401985
0.0506339
0.0506339
0.0506339
0.0506339
-0.0506339
-0.0506339
-0.0506339
-0.0506339
0.0506339
0.0506339
0.0506339
0.0506339
-0.0506339
-0.0506339
-0.0506339
-0.0506339
0.914245
0.914245
0.914245
0.914245
-0.914245
-0.914245
-0.914245
-0.914245
0.914245
0.914245
0.914245
0.914245
-0.914245
-0.914245
-0.914245
-0.914245
0.463561
0.463561
0.463561
0.463561
-0.463561
-0.463561
-0.463561
-0.463561
0.463561
0.463561
0.463561
0.463561
-0.463561
-0.463561
-0.463561
-0.463561
0.103242
0.103242
0.103242
0.103242
-0.103242
-0.103242
-0.103242
-0.103242
0.103242
0.103242
0.103242
0.103242
-0.103242
-0.103242
-0.103242
-0.103242
0.880029
0.880029
0.880029
0.880029
-0.880029
-0.880029
-0.880029
-0.880029
0.880029
0.880029
0.880029
0.880029
-0.880029
-0.880029
-0.880029
-0.880029
0.521586
0.521586
0.521586
0.521586
-0.521586
-0.521586
-0.521586
-0.521586
0.521586
0.521586
0.521586
0.521586
-0.521586
-0.521586
-0.521586
-0.521586
0.156632
0.156632
0.156632
0.156632
-0.156632
-0.156632
-0.156632
-0.156632
0.156632
0.156632
0.156632
0.156632
-0.156632
-0.156632
-0.156632
-0.156632
0.838698
0.838698
0.838698
0.838698
-0.838698
-0.838698
-0.838698
-0.838698
0.838698
0.838698
0.838698
0.838698
-0.838698
-0.838698
-0.838698
-0.838698
0.57582
0.57582
0.57582
0.57582
-0.57582
-0.57582
-0.57582
-0.57582
0.57582
0.57582
0.57582
0.57582
-0.57582
-0.57582
-0.57582
-0.57582
0.209808
0.209808
0.209808
0.209808
-0.209808
-0.209808
-0.209808
-0.209808
0.209808
0.209808
0.209808
0.209808
-0.209808
-0.209808
-0.209808
-0.209808
0.790197
0.790197
0.790197
0.790197
-0.790197
-0.790197
-0.790197
-0.790197
0.790197
0.790197
0.790197
0.790197
-0.790197
-0.790197
-0.790197
-0.790197
0.625989
0.625989
0.625989
0.625989
-0.625989
-0.625989
-0.625989
-0.625989
0.625989
0.625989
0.625989
0.625989
-0.625989
-0.625989
-0.625989
-0.625989
0.261882
0.261882
0.261882
0.261882
-0.261882
-0.261882
-0.261882
-0.261882
0.261882
0.261882
0.261882
0.261882
-0.261882
-0.261882
-0.261882
-0.261882
0.734544
0.734544
0.734544
0.734544
-0.734544
-0.734544
-0.734544
-0.734544
0.734544
0.734544
0.734544
0.734544
-0.734544
-0.734544
-0.734544
-0.734544
0.53138
0.53138
0.53138
0.53138
-0.53138
-0.53138
-0.53138
-0.53138
0.53138
0.53138
0.53138
0.53138
-0.53138
-0.53138
-0.53138
-0.53138
0.0526325
0.0526325
0.0526325
0.0526325
-0.0526325
-0.0526325
-0.0526325
-0.0526325
0.0526325
0.0526325
0.0526325
0.0526325
-0.0526325
-0.0526325
-0.0526325
-0.0526325
0.845497
0.845497
0.845497
0.845497
-0.845497
-0.845497
-0.845497
-0.845497
0.845497
0.845497
0.845497
0.845497
-0.845497
-0.845497
-0.845497
-0.845497
0.589332
0.589332
0.589332
0.589332
-0.589332
-0.589332
-0.589332
-0.589332
0.589332
0.589332
0.589332
0.589332
-0.589332
-0.589332
-0.589332
-0.589332
0.106106
0.106106
0.106106
0.106106
-0.106106
-0.106106
-0.106106
-0.106106
0.106106
0.106106
0.106106
0.106106
-0.106106
-0.106106
-0.106106
-0.106106
0.800893
0.800893
0.800893
0.800893
-0.800893
-0.800893
-0.800893
-0.800893
0.800893
0.800893
0.800893
0.800893
-0.800893
-0.800893
-0.800893
-0.800893
0.642625
0.642625
0.642625
0.642625
-0.642625
-0.642625
-0.642625
-0.642625
0.642625
0.642625
0.642625
0.642625
-0.642625
-0.642625
-0.642625
-0.642625
0.159417
0.159417
0.159417
0.159417
-0.159417
-0.159417
-0.159417
-0.159417
0.159417
0.159417
0.159417
0.159417
-0.159417
-0.159417
-0.159417
-0.159417
0.749413
0.749413
0.749413
0.749413
-0.749413
-0.749413
-0.749413
-0.749413
0.749413
0.749413
0.749413
0.749413
-0.749413
-0.749413
-0.749413
-0.749413
0.65119
0.65119
0.65119
0.65119
-0.65119
-0.65119
-0.65119
-0.65119
0.65119
0.65119
0.65119
0.65119
-0.65119
-0.65119
-0.65119
-0.65119
0.0535479
0.0535479
0.0535479
0.0535479
-0.0535479
-0.0535479
-0.0535479
-0.0535479
0.0535479
0.0535479
0.0535479
0.0535479
-0.0535479
-0.0535479
-0.0535479
-0.0535479
0.757023
0.757023
0.757023
0.757023
-0.757023
-0.757023
-0.757023
-0.757023
0.757023
0.757023
0.757023
0.757023
-0.757023
-0.757023
-0.757023
-0.757023
0
0
1
0
-0.707107
0
0
-1
0.707107
0
0
0
-0.0835495
-0.707107
-0.707107
-0.707107
0.0835495
0.707107
0.707107
0.707107
-0.996504
-0.0835495
-0.996504
-0.0835495
0.996504
0.0835495
0.0835495
0.996504
-0.996504
0
-0.0835495
-0.996504
0.996504
0.996504
0.0835495
0
0
0
0
0
0.978759
0.205014
0
0.205014
0
-0.205014
-0.978759
-0.205014
0.205014
0.978759
0.978759
0.205014
-0.205014
-0.978759
-0.978759
-0.205014
0.978759
0
0
0
0
-0.978759
0
0
0
0
0.941497
0.337021
-0.337021
-0.941497
-0.941497
-0.337021
0.337021
0.941497
0.337021
0.337021
-0.941497
-0.941497
-0.337021
-0.337021
0.941497
0.941497
0
0
0
0
0
0
0.883249
0.468905
0.468905
0.883249
0
0
-0.468905
-0.883249
0.468905
0.468905
0.883249
0.883249
-0.468905
-0.883249
-0.468905
-0.468905
0
0
0
0
-0.883249
0
0
-0.883249
0.804509
0.59394
0.59394
0.804509
0
-0.59394
-0.59394
0
0.804509
0.59394
0.59394
0.804509
-0.804509
-0.59394
-0.59394
-0.804509
0
0
0
0
-0.804509
-0.804509
0
0
0
0
0.57735
0.57735
-0.57735
-0.57735
0.57735
0.57735
-0.57735
-0.57735
0.0286092
0.0286092
-0.0286092
-0.0286092
0.0286092
0.0286092
-0.0286092
-0.0286092
0.999181
0.999181
-0.999181
-0.999181
0.999181
0.999181
-0.999181
-0.999181
0.0286092
0.0286092
-0.0286092
-0.0286092
0.0286092
0.0286092
-0.0286092
-0.0286092
0.0714256
0.0714256
-0.0714256
-0.0714256
0.0714256
0.0714256
-0.0714256
-0.0714256
0.994885
0.994885
-0.994885
-0.994885
0.994885
0.994885
-0.994885
-0.994885
0.0714256
0.0714256
-0.0714256
-0.0714256
0.0714256
0.0714256
-0.0714256
-0.0714256
0.12092
0.12092
-0.12092
-0.12092
0.12092
0.12092
-0.12092
-0.12092
0.98527
0.98527
-0.98527
-0.98527
0.98527
0.98527
-0.98527
-0.98527
0.12092
0.12092
-0.12092
-0.12092
0.12092
0.12092
-0.12092
-0.12092
0.173867
0.173867
-0.173867
-0.173867
0.173867
0.173867
-0.173867
-0.173867
0.969299
0.969299
-0.969299
-0.969299
0.969299
0.969299
-0.969299
-0.969299
0.173867
0.173867
-0.173867
-0.173867
0.173867
0.173867
-0.173867
-0.173867
0.228465
0.228465
-0.228465
-0.228465
0.228465
0.228465
-0.228465
-0.228465
0.946366
0.946366
-0.946366
-0.946366
0.946366
0.946366
-0.946366
-0.946366
0.228465
0.228465
-0.228465
-0.228465
0.228465
0.228465
-0.228465
-0.228465
0.283481
0.283481
-0.283481
-0.283481
0.283481
0.283481
-0.283481
-0.283481
0.916121
0.916121
-0.916121
-0.916121
0.916121
0.916121
-0.916121
-0.916121
0.283481
0.283481
-0.283481
-0.283481
0.283481
0.283481
-0.283481
-0.283481
0.337968
0.337968
-0.337968
-0.337968
0.337968
0.337968
-0.337968
-0.337968
0.878382
0.878382
-0.878382
-0.878382
0.878382
0.878382
-0.878382
-0.878382
0.337968
0.337968
-0.337968
-0.337968
0.337968
0.337968
-0.337968
-0.337968
0.391136
0.391136
-0.391136
-0.391136
0.391136
0.391136
-0.391136
-0.391136
0.833082
0.833082
-0.833082
-0.833082
0.833082
0.833082
-0.833082
-0.833082
0.391136
0.391136
-0.391136
-0.391136
0.391136
0.391136
-0.391136
-0.391136
0.442286
0.442286
-0.442286
-0.442286
0.442286
0.442286
-0.442286
-0.442286
0.780235
0.780235
-0.780235
-0.780235
0.780235
0.780235
-0.780235
-0.780235
0.442286
0.442286
-0.442286
-0.442286
0.442286
0.442286
-0.442286
-0.442286
0.490778
0.490778
-0.490778
-0.490778
0.490778
0.490778
-0.490778
-0.490778
0.719912
0.719912
-0.719912
-0.719912
0.719912
0.719912
-0.719912
-0.719912
0.490778
0.490778
-0.490778
-0.490778
0.490778
0.490778
-0.490778
-0.490778
0.536001
0.536001
-0.536001
-0.536001
0.536001
0.536001
-0.536001
-0.536001
0.652232
0.652232
-0.652232
-0.652232
0.652232
0.652232
-0.652232
-0.652232
0.536001
0.536001
-0.536001
-0.536001
0.536001
0.536001
-0.536001
-0.536001
0.614211
0.614211
-0.614211
-0.614211
0.614211
0.614211
-0.614211
-0.614211
0.49547
0.49547
-0.49547
-0.49547
0.49547
0.49547
-0.49547
-0.49547
0.614211
0.614211
-0.614211
-0.614211
0.614211
0.614211
-0.614211
-0.614211
0.64593
0.64593
-0.64593
-0.64593
0.64593
0.64593
-0.64593
-0.64593
0.406877
0.406877
-0.406877
-0.406877
0.406877
0.406877
-0.406877
-0.406877
0.64593
0.64593
-0.64593
-0.64593
0.64593
0.64593
-0.64593
-0.64593
0.671806
0.671806
-0.671806
-0.671806
0.671806
0.671806
-0.671806
-0.671806
0.312017
0.312017
-0.312017
-0.312017
0.312017
0.312017
-0.312017
-0.312017
0.671806
0.671806
-0.671806
-0.671806
0.671806
0.671806
-0.671806
-0.671806
0.691089
0.691089
-0.691089
-0.691089
0.691089
0.691089
-0.691089
-0.691089
0.211642
0.211642
-0.211642
-0.211642
0.211642
0.211642
-0.211642
-0.211642
0.691089
0.691089
-0.691089
-0.691089
0.691089
0.691089
-0.691089
-0.691089
0.703047
0.703047
-0.703047
-0.703047
0.703047
0.703047
-0.703047
-0.703047
0.107007
0.107007
-0.107007
-0.107007
0.107007
0.107007
-0.107007
-0.107007
0.703047
0.703047
-0.703047
-0.703047
0.703047
0.703047
-0.703047
-0.703047
0.0409758
0.0409758
-0.0409758
-0.0409758
0.0409758
0.0409758
-0.0409758
-0.0409758
0.989374
0.989374
-0.989374
-0.989374
0.989374
0.989374
-0.989374
-0.989374
0.139498
0.139498
-0.139498
-0.139498
0.139498
0.139498
-0.139498
-0.139498
0.989374
0.989374
-0.989374
-0.989374
0.989374
0.989374
-0.989374
-0.989374
0.139498
0.139498
-0.139498
-0.139498
0.139498
0.139498
-0.139498
-0.139498
0.0409758
0.0409758
-0.0409758
-0.0409758
0.0409758
0.0409758
-0.0409758
-0.0409758
0.0885199
0.0885199
-0.0885199
-0.0885199
0.0885199
0.0885199
-0.0885199
-0.0885199
0.976439
0.976439
-0.976439
-0.976439
0.976439
0.976439
-0.976439
-0.976439
0.1968
0.1968
-0.1968
-0.1968
0.1968
0.1968
-0.1968
-0.1968
0.976439
0.976439
-0.976439
-0.976439
0.976439
0.976439
-0.976439
-0.976439
0.1968
0.1968
-0.1968
-0.1968
0.1968
0.1968
-0.1968
-0.1968
0.0885199
0.0885199
-0.0885199
-0.0885199
0.0885199
0.0885199
-0.0885199
-0.0885199
0.139768
0.139768
-0.139768
-0.139768
0.139768
0.139768
-0.139768
-0.139768
0.956888
0.956888
-0.956888
-0.956888
0.956888
0.956888
-0.956888
-0.956888
0.254618
0.254618
-0.254618
-0.254618
0.254618
0.254618
-0.254618
-0.254618
0.956888
0.956888
-0.956888
-0.956888
0.956888
0.956888
-0.956888
-0.956888
0.254618
0.254618
-0.254618
-0.254618
0.254618
0.254618
-0.254618
-0.254618
0.139768
0.139768
-0.139768
-0.139768
0.139768
0.139768
-0.139768
-0.139768
0.192945
0.192945
-0.192945
-0.192945
0.192945
0.192945
-0.192945
-0.192945
0.930241
0.930241
-0.930241
-0.930241
0.930241
0.930241
-0.930241
-0.930241
0.312128
0.312128
-0.312128
-0.312128
0.312128
0.312128
-0.312128
-0.312128
0.930241
0.930241
-0.930241
-0.930241
0.930241
0.930241
-0.930241
-0.930241
0.312128
0.312128
-0.312128
-0.312128
0.312128
0.312128
-0.312128
-0.312128
0.192945
0.192945
-0.192945
-0.192945
0.192945
0.192945
-0.192945
-0.192945
0.24679
0.24679
-0.24679
-0.24679
0.24679
0.24679
-0.24679
-0.24679
0.896231
0.896231
-0.896231
-0.896231
0.896231
0.896231
-0.896231
-0.896231
0.368598
0.368598
-0.368598
-0.368598
0.368598
0.368598
-0.368598
-0.368598
0.896231
0.896231
-0.896231
-0.896231
0.896231
0.896231
-0.896231
-0.896231
0.368598
0.368598
-0.368598
-0.368598
0.368598
0.368598
-0.368598
-0.368598
0.24679
0.24679
-0.24679
-0.24679
0.24679
0.24679
-0.24679
-0.24679
0.30031
0.30031
-0.30031
-0.30031
0.30031
0.30031
-0.30031
-0.30031
0.854732
0.854732
-0.854732
-0.854732
0.854732
0.854732
-0.854732
-0.854732
0.423376
0.423376
-0.423376
-0.423376
0.423376
0.423376
-0.423376
-0.423376
0.854732
0.854732
-0.854732
-0.854732
0.854732
0.854732
-0.854732
-0.854732
0.423376
0.423376
-0.423376
-0.423376
0.423376
0.423376
-0.423376
-0.423376
0.30031
0.30031
-0.30031
-0.30031
0.30031
0.30031
-0.30031
-0.30031
0.352668
0.352668
-0.352668
-0.352668
0.352668
0.352668
-0.352668
-0.352668
0.805714
0.805714
-0.805714
-0.805714
0.805714
0.805714
-0.805714
-0.805714
0.475867
0.475867
-0.475867
-0.475867
0.475867
0.475867
-0.475867
-0.475867
0.805714
0.805714
-0.805714
-0.805714
0.805714
0.805714
-0.805714
-0.805714
0.475867
0.475867
-0.475867
-0.475867
0.475867
0.475867
-0.475867
-0.475867
0.352668
0.352668
-0.352668
-0.352668
0.352668
0.352668
-0.352668
-0.352668
0.403113
0.403113
-0.403113
-0.403113
0.403113
0.403113
-0.403113
-0.403113
0.74922
0.74922
-0.74922
-0.74922
0.74922
0.74922
-0.74922
-0.74922
0.525518
0.525518
-0.525518
-0.525518
0.525518
0.525518
-0.525518
-0.525518
0.74922
0.74922
-0.74922
-0.74922
0.74922
0.74922
-0.74922
-0.74922
0.525518
0.525518
-0.525518
-0.525518
0.525518
0.525518
-0.525518
-0.525518
0.403113
0.403113
-0.403113
-0.403113
0.403113
0.403113
-0.403113
-0.403113
0.450943
0.450943
-0.450943
-0.450943
0.450943
0.450943
-0.450943
-0.450943
0.685341
0.685341
-0.685341
-0.685341
0.685341
0.685341
-0.685341
-0.685341
0.571803
0.571803
-0.571803
-0.571803
0.571803
0.571803
-0.571803
-0.571803
0.685341
0.685341
-0.685341
-0.685341
0.685341
0.685341
-0.685341
-0.685341
0.571803
0.571803
-0.571803
-0.571803
0.571803
0.571803
-0.571803
-0.571803
0.450943
0.450943
-0.450943
-0.450943
0.450943
0.450943
-0.450943
-0.450943
0.0471132
0.0471132
-0.0471132
-0.0471132
0.0471132
0.0471132
-0.0471132
-0.0471132
0.962073
0.962073
-0.962073
-0.962073
0.962073
0.962073
-0.962073
-0.962073
0.268693
0.268693
-0.268693
-0.268693
0.268693
0.268693
-0.268693
-0.268693
0.962073
0.962073
-0.962073
-0.962073
0.962073
0.962073
-0.962073
-0.962073
0.268693
0.268693
-0.268693
-0.268693
0.268693
0.268693
-0.268693
-0.268693
0.0471132
0.0471132
-0.0471132
-0.0471132
0.0471132
0.0471132
-0.0471132
-0.0471132
0.0978449
0.0978449
-0.0978449
-0.0978449
0.0978449
0.0978449
-0.0978449
-0.0978449
0.938685
0.938685
-0.938685
-0.938685
0.938685
0.938685
-0.938685
-0.938685
0.330601
0.330601
-0.330601
-0.330601
0.330601
0.330601
-0.330601
-0.330601
0.938685
0.938685
-0.938685
-0.938685
0.938685
0.938685
-0.938685
-0.938685
0.330601
0.330601
-0.330601
-0.330601
0.330601
0.330601
-0.330601
-0.330601
0.0978449
0.0978449
-0.0978449
-0.0978449
0.0978449
0.0978449
-0.0978449
-0.0978449
0.15054
0.15054
-0.15054
-0.15054
0.15054
0.15054
-0.15054
-0.15054
0.908215
0.908215
-0.908215
-0.908215
0.908215
0.908215
-0.908215
-0.908215
0.390491
0.390491
-0.390491
-0.390491
0.390491
0.390491
-0.390491
-0.390491
0.908215
0.908215
-0.908215
-0.908215
0.908215
0.908215
-0.908215
-0.908215
0.390491
0.390491
-0.390491
-0.390491
0.390491
0.390491
-0.390491
-0.390491
0.15054
0.15054
-0.15054
-0.15054
0.15054
0.15054
-0.15054
-0.15054
0.203973
0.203973
-0.203973
-0.203973
0.203973
0.203973
-0.203973
-0.203973
0.870457
0.870457
-0.870457
-0.870457
0.870457
0.870457
-0.870457
-0.870457
0.447996
0.447996
-0.447996
-0.447996
0.447996
0.447996
-0.447996
-0.447996
0.870457
0.870457
-0.870457
-0.870457
0.870457
0.870457
-0.870457
-0.870457
0.447996
0.447996
-0.447996
-0.447996
0.447996
0.447996
-0.447996
-0.447996
0.203973
0.203973
-0.203973
-0.203973
0.203973
0.203973
-0.203973
-0.203973
0.257153
0.257153
-0.257153
-0.257153
0.257153
0.257153
-0.257153
-0.257153
0.825323
0.825323
-0.825323
-0.825323
0.825323
0.825323
-0.825323
-0.825323
0.502708
0.502708
-0.502708
-0.502708
0.502708
0.502708
-0.502708
-0.502708
0.825323
0.825323
-0.825323
-0.825323
0.825323
0.825323
-0.825323
-0.825323
0.502708
0.502708
-0.502708
-0.502708
0.502708
0.502708
-0.502708
-0.502708
0.257153
0.257153
-0.257153
-0.257153
0.257153
0.257153
-0.257153
-0.257153
0.309219
0.309219
-0.309219
-0.309219
0.309219
0.309219
-0.309219
-0.309219
0.772811
0.772811
-0.772811
-0.772811
0.772811
0.772811
-0.772811
-0.772811
0.554209
0.554209
-0.554209
-0.554209
0.554209
0.554209
-0.554209
-0.554209
0.772811
0.772811
-0.772811
-0.772811
0.772811
0.772811
-0.772811
-0.772811
0.554209
0.554209
-0.554209
-0.554209
0.554209
0.554209
-0.554209
-0.554209
0.309219
0.309219
-0.309219
-0.309219
0.309219
0.309219
-0.309219
-0.309219
0.359381
0.359381
-0.359381
-0.359381
0.359381
0.359381
-0.359381
-0.359381
0.712979
0.712979
-0.712979
-0.712979
0.712979
0.712979
-0.712979
-0.712979
0.602085
0.602085
-0.602085
-0.602085
0.602085
0.602085
-0.602085
-0.602085
0.712979
0.712979
-0.712979
-0.712979
0.712979
0.712979
-0.712979
-0.712979
0.602085
0.602085
-0.602085
-0.602085
0.602085
0.602085
-0.602085
-0.602085
0.359381
0.359381
-0.359381
-0.359381
0.359381
0.359381
-0.359381
-0.359381
0.0506339
0.0506339
-0.0506339
-0.0506339
0.0506339
0.0506339
-0.0506339
-0.0506339
0.914245
0.914245
-0.914245
-0.914245
0.914245
0.914245
-0.914245
-0.914245
0.401985
0.401985
-0.401985
-0.401985
0.401985
0.401985
-0.401985
-0.401985
0.914245
0.914245
-0.914245
-0.914245
0.914245
0.914245
-0.914245
-0.914245
0.401985
0.401985
-0.401985
-0.401985
0.401985
0.401985
-0.401985
-0.401985
0.0506339
0.0506339
-0.0506339
-0.0506339
0.0506339
0.0506339
-0.0506339
-0.0506339
0.103242
0.103242
-0.103242
-0.103242
0.103242
0.103242
-0.103242
-0.103242
0.880029
0.880029
-0.880029
-0.880029
0.880029
0.880029
-0.880029
-0.880029
0.463561
0.463561
-0.463561
-0.463561
0.463561
0.463561
-0.463561
-0.463561
0.880029
0.880029
-0.880029
-0.880029
0.880029
0.880029
-0.880029
-0.880029
0.463561
0.463561
-0.463561
-0.463561
0.463561
0.463561
-0.463561
-0.463561
0.103242
0.103242
-0.103242
-0.103242
0.103242
0.103242
-0.103242
-0.103242
0.156632
0.156632
-0.156632
-0.156632
0.156632
0.156632
-0.156632
-0.156632
0.838698
0.838698
-0.838698
-0.838698
0.838698
0.838698
-0.838698
-0.838698
0.521586
0.521586
-0.521586
-0.521586
0.521586
0.521586
-0.521586
-0.521586
0.838698
0.838698
-0.838698
-0.838698
0.838698
0.838698
-0.838698
-0.838698
0.521586
0.521586
-0.521586
-0.521586
0.521586
0.521586
-0.521586
-0.521586
0.156632
0.156632
-0.156632
-0.156632
0.156632
0.156632
-0.156632
-0.156632
0.209808
0.209808
-0.209808
-0.209808
0.209808
0.209808
-0.209808
-0.209808
0.790197
0.790197
-0.790197
-0.790197
0.790197
0.790197
-0.790197
-0.790197
0.57582
0.57582
-0.57582
-0.57582
0.57582
0.57582
-0.57582
-0.57582
0.790197
0.790197
-0.790197
-0.790197
0.790197
0.790197
-0.790197
-0.790197
0.57582
0.57582
-0.57582
-0.57582
0.57582
0.57582
-0.57582
-0.57582
0.209808
0.209808
-0.209808
-0.209808
0.209808
0.209808
-0.209808
-0.209808
0.261882
0.261882
-0.261882
-0.261882
0.261882
0.261882
-0.261882
-0.261882
0.734544
0.734544
-0.734544
-0.734544
0.734544
0.734544
-0.734544
-0.734544
0.625989
0.625989
-0.625989
-0.625989
0.625989
0.625989
-0.625989
-0.625989
0.734544
0.734544
-0.734544
-0.734544
0.734544
0.734544
-0.734544
-0.734544
0.625989
0.625989
-0.625989
-0.625989
0.625989
0.625989
-0.625989
-0.625989
0.261882
0.261882
-0.261882
-0.261882
0.261882
0.261882
-0.261882
-0.261882
0.0526325
0.0526325
-0.0526325
-0.0526325
0.0526325
0.0526325
-0.0526325
-0.0526325
0.845497
0.845497
-0.845497
-0.845497
0.845497
0.845497
-0.845497
-0.845497
0.53138
0.53138
-0.53138
-0.53138
0.53138
0.53138
-0.53138
-0.53138
0.845497
0.845497
-0.845497
-0.845497
0.845497
0.845497
-0.845497
-0.845497
0.53138
0.53138
-0.53138
-0.53138
0.53138
0.53138
-0.53138
-0.53138
0.0526325
0.0526325
-0.0526325
-0.0526325
0.0526325
0.0526325
-0.0526325
-0.0526325
0.106106
0.106106
-0.106106
-0.106106
0.106106
0.106106
-0.106106
-0.106106
0.800893
0.800893
-0.800893
-0.800893
0.800893
0.800893
-0.800893
-0.800893
0.589332
0.589332
-0.589332
-0.589332
0.589332
0.589332
-0.589332
-0.589332
0.800893
0.800893
-0.800893
-0.800893
0.800893
0.800893
-0.800893
-0.800893
0.589332
0.589332
-0.589332
-0.589332
0.589332
0.589332
-0.589332
-0.589332
0.106106
0.106106
-0.106106
-0.106106
0.106106
0.106106
-0.106106
-0.106106
0.159417
0.159417
-0.159417
-0.159417
0.159417
0.159417
-0.159417
-0.159417
0.749413
0.749413
-0.749413
-0.749413
0.749413
0.749413
-0.749413
-0.749413
0.642625
0.642625
-0.642625
-0.642625
0.642625
0.642625
-0.642625
-0.642625
0.749413
0.749413
-0.749413
-0.749413
0.749413
0.749413
-0.749413
-0.749413
0.642625
0.642625
-0.642625
-0.642625
0.642625
0.642625
-0.642625
-0.642625
0.159417
0.159417
-0.159417
-0.159417
0.159417
0.159417
-0.159417
-0.159417
0.0535479
0.0535479
-0.0535479
-0.0535479
0.0535479
0.0535479
-0.0535479
-0.0535479
0.757023
0.757023
-0.757023
-0.757023
0.757023
0.757023
-0.757023
-0.757023
0.65119
0.65119
-0.65119
-0.65119
0.65119
0.65119
-0.65119
-0.65119
0.757023
0.757023
-0.757023
-0.757023
0.757023
0.757023
-0.757023
-0.757023
0.65119
0.65119
-0.65119
-0.65119
0.65119
0.65119
-0.65119
-0.65119
0.0535479
0.0535479
-0.0535479
-0.0535479
0.0535479
0.0535479
-0.0535479
-0.0535479
0.707107
0
0
-1
0
1
0
0
0
0.707107
-0.707107
-0.707107
0.996504
0.707107
-0.707107
0
0.996504
0.707107
-0.707107
0
0.0835495
0
-0.0835495
-0.996504
0.0835495
0
-0.996504
-0.0835495
0
0.0835495
0
0
0
0
0
-0.0835495
0.0835495
0.996504
-0.0835495
-0.996504
0.205014
0.978759
-0.996504
-0.978759
0.996504
0.978759
-0.205014
-0.978759
0
0
-0.205014
0
0
0.205014
0
0
0
0.205014
-0.978759
-0.205014
0.205014
0
-0.205014
-0.978759
0.978759
0.978759
-0.337021
-0.941497
0.941497
0.337021
-0.337021
-0.941497
0.941497
0.337021
0
0
0
0
0
0
0
0
-0.337021
-0.941497
0.337021
0.337021
-0.941497
-0.337021
0.468905
0.883249
-0.883249
-0.468905
0.941497
0.941497
-0.883249
-0.468905
0
0
0
0
0.883249
0.468905
0
0
0.468905
0.883249
-0.883249
-0.468905
0
0.468905
-0.468905
0
0.59394
0.804509
-0.804509
-0.59394
0.883249
0.804509
-0.804509
-0.883249
0
0
0
0
0.59394
0
0
-0.59394
0.59394
0.59394
-0.59394
-0.804509
0
0
-0.804509
-0.59394
0.804509
0.804509
0.57735
-0.57735
0.57735
-0.57735
0.57735
-0.57735
0.57735
-0.57735
0.999181
-0.999181
0.999181
-0.999181
0.999181
-0.999181
0.999181
-0.999181
0.0286092
-0.0286092
0.0286092
-0.0286092
0.0286092
-0.0286092
0.0286092
-0.0286092
0.0286092
-0.0286092
0.0286092
-0.0286092
0.0286092
-0.0286092
0.0286092
-0.0286092
0.994885
-0.994885
0.994885
-0.994885
0.994885
-0.994885
0.994885
-0.994885
0.0714256
-0.0714256
0.0714256
-0.0714256
0.0714256
-0.0714256
0.0714256
-0.0714256
0.0714256
-0.0714256
0.0714256
-0.0714256
0.0714256
-0.0714256
0.0714256
-0.0714256
0.98527
-0.98527
0.98527
-0.98527
0.98527
-0.98527
0.98527
-0.98527
0.12092
-0.12092
0.12092
-0.12092
0.12092
-0.12092
0.12092
-0.12092
0.12092
-0.12092
0.12092
-0.12092
0.12092
-0.12092
0.12092
-0.12092
0.969299
-0.969299
0.969299
-0.969299
0.969299
-0.969299
0.969299
-0.969299
0.173867
-0.173867
0.173867
-0.173867
0.173867
-0.173867
0.173867
-0.173867
0.173867
-0.173867
0.173867
-0.173867
0.173867
-0.173867
0.173867
-0.173867
0.946366
-0.946366
0.946366
-0.946366
0.946366
-0.946366
0.946366
-0.946366
0.228465
-0.228465
0.228465
-0.228465
0.228465
-0.228465
0.228465
-0.228465
0.228465
-0.228465
0.228465
-0.228465
0.228465
-0.228465
0.228465
-0.228465
0.916121
-0.916121
0.916121
-0.916121
0.916121
-0.916121
0.916121
-0.916121
0.283481
-0.283481
0.283481
-0.283481
0.283481
-0.283481
0.283481
-0.283481
0.283481
-0.283481
0.283481
-0.283481
0.283481
-0.283481
0.283481
-0.283481
0.878382
-0.878382
0.878382
-0.878382
0.878382
-0.878382
0.878382
-0.878382
0.337968
-0.337968
0.337968
-0.337968
0.337968
-0.337968
0.337968
-0.337968
0.337968
-0.337968
0.337968
-0.337968
0.337968
-0.337968
0.337968
-0.337968
0.833082
-0.833082
0.833082
-0.833082
0.833082
-0.833082
0.833082
-0.833082
0.391136
-0.391136
0.391136
-0.391136
0.391136
-0.391136
0.391136
-0.391136
0.391136
-0.391136
0.391136
-0.391136
0.391136
-0.391136
0.391136
-0.391136
0.780235
-0.780235
0.780235
-0.780235
0.780235
-0.780235
0.780235
-0.780235
0.442286
-0.442286
0.442286
-0.442286
0.442286
-0.442286
0.442286
-0.442286
0.442286
-0.442286
0.442286
-0.442286
0.442286
-0.442286
0.442286
-0.442286
0.719912
-0.719912
0.719912
-0.719912
0.719912
-0.719912
0.719912
-0.719912
0.490778
-0.490778
0.490778
-0.490778
0.490778
-0.490778
0.490778
-0.490778
0.490778
-0.490778
0.490778
-0.490778
0.490778
-0.490778
0.490778
-0.490778
0.652232
-0.652232
0.652232
-0.652232
0.652232
-0.652232
0.652232
-0.652232
0.536001
-0.536001
0.536001
-0.536001
0.536001
-0.536001
0.536001
-0.536001
0.536001
-0.536001
0.536001
-0.536001
0.536001
-0.536001
0.536001
-0.536001
0.49547
-0.49547
0.49547
-0.49547
0.49547
-0.49547
0.49547
-0.49547
0.614211
-0.614211
0.614211
-0.614211
0.614211
-0.614211
0.614211
-0.614211
0.614211
-0.614211
0.614211
-0.614211
0.614211
-0.614211
0.614211
-0.614211
0.406877
-0.406877
0.406877
-0.406877
0.406877
-0.406877
0.406877
-0.406877
0.64593
-0.64593
0.64593
-0.64593
0.64593
-0.64593
0.64593
-0.64593
0.64593
-0.64593
0.64593
-0.64593
0.64593
-0.64593
0.64593
-0.64593
0.312017
-0.312017
0.312017
-0.312017
0.312017
-0.312017
0.312017
-0.312017
0.671806
-0.671806
0.671806
-0.671806
0.671806
-0.671806
0.671806
-0.671806
0.671806
-0.671806
0.671806
-0.671806
0.671806
-0.671806
0.671806
-0.671806
0.211642
-0.211642
0.211642
-0.211642
0.211642
-0.211642
0.211642
-0.211642
0.691089
-0.691089
0.691089
-0.691089
0.691089
-0.691089
0.691089
-0.691089
0.691089
-0.691089
0.691089
-0.691089
0.691089
-0.691089
0.691089
-0.691089
0.107007
-0.107007
0.107007
-0.107007
0.107007
-0.107007
0.107007
-0.107007
0.703047
-0.703047
0.703047
-0.703047
0.703047
-0.703047
0.703047
-0.703047
0.703047
-0.703047
0.703047
-0.703047
0.703047
-0.703047
0.703047
-0.703047
0.989374
-0.989374
0.989374
-0.989374
0.989374
-0.989374
0.989374
-0.989374
0.0409758
-0.0409758
0.0409758
-0.0409758
0.0409758
-0.0409758
0.0409758
-0.0409758
0.989374
-0.989374
0.989374
-0.989374
0.989374
-0.989374
0.989374
-0.989374
0.139498
-0.139498
0.139498
-0.139498
0.139498
-0.139498
0.139498
-0.139498
0.0409758
-0.0409758
0.0409758
-0.0409758
0.0409758
-0.0409758
0.0409758
-0.0409758
0.139498
-0.139498
0.139498
-0.139498
0.139498
-0.139498
0.139498
-0.139498
0.976439
-0.976439
0.976439
-0.976439
0.976439
-0.976439
0.976439
-0.976439
0.0885199
-0.0885199
0.0885199
-0.0885199
0.0885199
-0.0885199
0.0885199
-0.0885199
0.976439
-0.976439
0.976439
-0.976439
0.976439
-0.976439
0.976439
-0.976439
0.1968
-0.1968
0.1968
-0.1968
0.1968
-0.1968
0.1968
-0.1968
0.0885199
-0.0885199
0.0885199
-0.0885199
0.0885199
-0.0885199
0.0885199
-0.0885199
0.1968
-0.1968
0.1968
-0.1968
0.1968
-0.1968
0.1968
-0.1968
0.956888
-0.956888
0.956888
-0.956888
0.956888
-0.956888
0.956888
-0.956888
0.139768
-0.139768
0.139768
-0.139768
0.139768
-0.139768
0.139768
-0.139768
0.956888
-0.956888
0.956888
-0.956888
0.956888
-0.956888
0.956888
-0.956888
0.254618
-0.254618
0.254618
-0.254618
0.254618
-0.254618
0.254618
-0.254618
0.139768
-0.139768
0.139768
-0.139768
0.139768
-0.139768
0.139768
-0.139768
0.254618
-0.254618
0.254618
-0.254618
0.254618
-0.254618
0.254618
-0.254618
0.930241
-0.930241
0.930241
-0.930241
0.930241
-0.930241
0.930241
-0.930241
0.192945
-0.192945
0.192945
-0.192945
0.192945
-0.192945
0.192945
-0.192945
0.930241
-0.930241
0.930241
-0.930241
0.930241
-0.930241
0.930241
-0.930241
0.312128
-0.312128
0.312128
-0.312128
0.312128
-0.312128
0.312128
-0.312128
0.192945
-0.192945
0.192945
-0.192945
0.192945
-0.192945
0.192945
-0.192945
0.312128
-0.312128
0.312128
-0.312128
0.312128
-0.312128
0.312128
-0.312128
0.896231
-0.896231
0.896231
-0.896231
0.896231
-0.896231
0.896231
-0.896231
0.24679
-0.24679
0.24679
-0.24679
0.24679
-0.24679
0.24679
-0.24679
0.896231
-0.896231
0.896231
-0.896231
0.896231
-0.896231
0.896231
-0.896231
0.368598
-0.368598
0.368598
-0.368598
0.368598
-0.368598
0.368598
-0.368598
0.24679
-0.24679
0.24679
-0.24679
0.24679
-0.24679
0.24679
-0.24679
0.368598
-0.368598
0.368598
-0.368598
0.368598
-0.368598
0.368598
-0.368598
0.854732
-0.854732
0.854732
-0.854732
0.854732
-0.854732
0.854732
-0.854732
0.30031
-0.30031
0.30031
-0.30031
0.30031
-0.30031
0.30031
-0.30031
0.854732
-0.854732
0.854732
-0.854732
0.854732
-0.854732
0.854732
-0.854732
0.423376
-0.423376
0.423376
-0.423376
0.423376
-0.423376
0.423376
-0.423376
0.30031
-0.30031
0.30031
-0.30031
0.30031
-0.30031
0.30031
-0.30031
0.423376
-0.423376
0.423376
-0.423376
0.423376
-0.423376
0.423376
-0.423376
0.805714
-0.805714
0.805714
-0.805714
0.805714
-0.805714
0.805714
-0.805714
0.352668
-0.352668
0.352668
-0.352668
0.352668
-0.352668
0.352668
-0.352668
0.805714
-0.805714
0.805714
-0.805714
0.805714
-0.805714
0.805714
-0.805714
0.475867
-0.475867
0.475867
-0.475867
0.475867
-0.475867
0.475867
-0.475867
0.352668
-0.352668
0.352668
-0.352668
0.352668
-0.352668
0.352668
-0.352668
0.475867
-0.475867
0.475867
-0.475867
0.475867
-0.475867
0.475867
-0.475867
0.74922
-0.74922
0.74922
-0.74922
0.74922
-0.74922
0.74922
-0.74922
0.403113
-0.403113
0.403113
-0.403113
0.403113
-0.403113
0.403113
-0.403113
0.74922
-0.74922
0.74922
-0.74922
0.74922
-0.74922
0.74922
-0.74922
0.525518
-0.525518
0.525518
-0.525518
0.525518
-0.525518
0.525518
-0.525518
0.403113
-0.403113
0.403113
-0.403113
0.403113
-0.403113
0.403113
-0.403113
0.525518
-0.525518
0.525518
-0.525518
0.525518
-0.525518
0.525518
-0.525518
0.685341
-0.685341
0.685341
-0.685341
0.685341
-0.685341
0.685341
-0.685341
0.450943
-0.450943
0.450943
-0.450943
0.450943
-0.450943
0.450943
-0.450943
0.685341
-0.685341
0.685341
-0.685341
0.685341
-0.685341
0.685341
-0.685341
0.571803
-0.571803
0.571803
-0.571803
0.571803
-0.571803
0.571803
-0.571803
0.450943
-0.450943
0.450943
-0.450943
0.450943
-0.450943
0.450943
-0.450943
0.571803
-0.571803
0.571803
-0.571803
0.571803
-0.571803
0.571803
-0.571803
0.962073
-0.962073
0.962073
-0.962073
0.962073
-0.962073
0.962073
-0.962073
0.0471132
-0.0471132
0.0471132
-0.0471132
0.0471132
-0.0471132
0.0471132
-0.0471132
0.962073
-0.962073
0.962073
-0.962073
0.962073
-0.962073
0.962073
-0.962073
0.268693
-0.268693
0.268693
-0.268693
0.268693
-0.268693
0.268693
-0.268693
0.0471132
-0.0471132
0.0471132
-0.0471132
0.0471132
-0.0471132
0.0471132
-0.0471132
0.268693
-0.268693
0.268693
-0.268693
0.268693
-0.268693
0.268693
-0.268693
0.938685
-0.938685
0.938685
-0.938685
0.938685
-0.938685
0.938685
-0.938685
0.0978449
-0.0978449
0.0978449
-0.0978449
0.0978449
-0.0978449
0.0978449
-0.0978449
0.938685
-0.938685
0.938685
-0.938685
0.938685
-0.938685
0.938685
-0.938685
0.330601
-0.330601
0.330601
-0.330601
0.330601
-0.330601
0.330601
-0.330601
0.0978449
-0.0978449
0.0978449
-0.0978449
0.0978449
-0.0978449
0.0978449
-0.0978449
0.330601
-0.330601
0.330601
-0.330601
0.330601
-0.330601
0.330601
-0.330601
0.908215
-0.908215
0.908215
-0.908215
0.908215
-0.908215
0.908215
-0.908215
0.15054
-0.15054
0.15054
-0.15054
0.15054
-0.15054
0.15054
-0.15054
0.908215
-0.908215
0.908215
-0.908215
0.908215
-0.908215
0.908215
-0.908215
0.390491
-0.390491
0.390491
-0.390491
0.390491
-0.390491
0.390491
-0.390491
0.15054
-0.15054
0.15054
-0.15054
0.15054
-0.15054
0.15054
-0.15054
0.390491
-0.390491
0.390491
-0.390491
0.390491
-0.390491
0.390491
-0.390491
0.870457
-0.870457
0.870457
-0.870457
0.870457
-0.870457
0.870457
-0.870457
0.203973
-0.203973
0.203973
-0.203973
0.203973
-0.203973
0.203973
-0.203973
0.870457
-0.870457
0.870457
-0.870457
0.870457
-0.870457
0.870457
-0.870457
0.447996
-0.447996
0.447996
-0.447996
0.447996
-0.447996
0.447996
-0.447996
0.203973
-0.203973
0.203973
-0.203973
0.203973
-0.203973
0.203973
-0.203973
0.447996
-0.447996
0.447996
-0.447996
0.447996
-0.447996
0.447996
-0.447996
0.825323
-0.825323
0.825323
-0.825323
0.825323
-0.825323
0.825323
-0.825323
0.257153
-0.257153
0.257153
-0.257153
0.257153
-0.257153
0.257153
-0.257153
0.825323
-0.825323
0.825323
-0.825323
0.825323
-0.825323
0.825323
-0.825323
0.502708
-0.502708
0.502708
-0.502708
0.502708
-0.502708
0.502708
-0.502708
0.257153
-0.257153
0.257153
-0.257153
0.257153
-0.257153
0.257153
-0.257153
0.502708
-0.502708
0.502708
-0.502708
0.502708
-0.502708
0.502708
-0.502708
0.772811
-0.772811
0.772811
-0.772811
0.772811
-0.772811
0.772811
-0.772811
0.309219
-0.309219
0.309219
-0.309219
0.309219
-0.309219
0.309219
-0.309219
0.772811
-0.772811
0.772811
-0.772811
0.772811
-0.772811
0.772811
-0.772811
0.554209
-0.554209
0.554209
-0.554209
0.554209
-0.554209
0.554209
-0.554209
0.309219
-0.309219
0.309219
-0.309219
0.309219
-0.309219
0.309219
-0.309219
0.554209
-0.554209
0.554209
-0.554209
0.554209
-0.554209
0.554209
-0.554209
0.712979
-0.712979
0.712979
-0.712979
0.712979
-0.712979
0.712979
-0.712979
0.359381
-0.359381
0.359381
-0.359381
0.359381
-0.359381
0.359381
-0.359381
0.712979
-0.712979
0.712979
-0.712979
0.712979
-0.712979
0.712979
-0.712979
0.602085
-0.602085
0.602085
-0.602085
0.602085
-0.602085
0.602085
-0.602085
0.359381
-0.359381
0.359381
-0.359381
0.359381
-0.359381
0.359381
-0.359381
0.602085
-0.602085
0.602085
-0.602085
0.602085
-0.602085
0.602085
-0.602085
0.914245
-0.914245
0.914245
-0.914245
0.914245
-0.914245
0.914245
-0.914245
0.0506339
-0.0506339
0.0506339
-0.0506339
0.0506339
-0.0506339
0.0506339
-0.0506339
0.914245
-0.914245
0.914245
-0.914245
0.914245
-0.914245
0.914245
-0.914245
0.401985
-0.401985
0.401985
-0.401985
0.401985
-0.401985
0.401985
-0.401985
0.0506339
-0.0506339
0.0506339
-0.0506339
0.0506339
-0.0506339
0.0506339
-0.0506339
0.401985
-0.401985
0.401985
-0.401985
0.401985
-0.401985
0.401985
-0.401985
0.880029
-0.880029
0.880029
-0.880029
0.880029
-0.880029
0.880029
-0.880029
0.103242
-0.103242
0.103242
-0.103242
0.103242
-0.103242
0.103242
-0.103242
0.880029
-0.880029
0.880029
-0.880029
0.880029
-0.880029
0.880029
-0.880029
0.463561
-0.463561
0.463561
-0.463561
0.463561
-0.463561
0.463561
-0.463561
0.103242
-0.103242
0.103242
-0.103242
0.103242
-0.103242
0.103242
-0.103242
0.463561
-0.463561
0.463561
-0.463561
0.463561
-0.463561
0.463561
-0.463561
0.838698
-0.838698
0.838698
-0.838698
0.838698
-0.838698
0.838698
-0.838698
0.156632
-0.156632
0.156632
-0.156632
0.156632
-0.156632
0.156632
-0.156632
0.838698
-0.838698
0.838698
-0.838698
0.838698
-0.838698
0.838698
-0.838698
0.521586
-0.521586
0.521586
-0.521586
0.521586
-0.521586
0.521586
-0.521586
0.156632
-0.156632
0.156632
-0.156632
0.156632
-0.156632
0.156632
-0.156632
0.521586
-0.521586
0.521586
-0.521586
0.521586
-0.521586
0.521586
-0.521586
0.790197
-0.790197
0.790197
-0.790197
0.790197
-0.790197
0.790197
-0.790197
0.209808
-0.209808
0.209808
-0.209808
0.209808
-0.209808
0.209808
-0.209808
0.790197
-0.790197
0.790197
-0.790197
0.790197
-0.790197
0.790197
-0.790197
0.57582
-0.57582
0.57582
-0.57582
0.57582
-0.57582
0.57582
-0.57582
0.209808
-0.209808
0.209808
-0.209808
0.209808
-0.209808
0.209808
-0.209808
0.57582
-0.57582
0.57582
-0.57582
0.57582
-0.57582
0.57582
-0.57582
0.734544
-0.734544
0.734544
-0.734544
0.734544
-0.734544
0.734544
-0.734544
0.261882
-0.261882
0.261882
-0.261882
0.261882
-0.261882
0.261882
-0.261882
0.734544
-0.734544
0.734544
-0.734544
0.734544
-0.734544
0.734544
-0.734544
0.625989
-0.625989
0.625989
-0.625989
0.625989
-0.625989
0.625989
-0.625989
0.261882
-0.261882
0.261882
-0.261882
0.261882
-0.261882
0.261882
-0.261882
0.625989
-0.625989
0.625989
-0.625989
0.625989
-0.625989
0.625989
-0.625989
0.845497
-0.845497
0.845497
-0.845497
0.845497
-0.845497
0.845497
-0.845497
0.0526325
-0.0526325
0.0526325
-0.0526325
0.0526325
-0.0526325
0.0526325
-0.0526325
0.845497
-0.845497
0.845497
-0.845497
0.845497
-0.845497
0.845497
-0.845497
0.53138
-0.53138
0.53138
-0.53138
0.53138
-0.53138
0.53138
-0.53138
0.0526325
-0.0526325
0.0526325
-0.0526325
0.0526325
-0.0526325
0.0526325
-0.0526325
0.53138
-0.53138
0.53138
-0.53138
0.53138
-0.53138
0.53138
-0.53138
0.800893
-0.800893
0.800893
-0.800893
0.800893
-0.800893
0.800893
-0.800893
0.106106
-0.106106
0.106106
-0.106106
0.106106
-0.106106
0.106106
-0.106106
0.800893
-0.800893
0.800893
-0.800893
0.800893
-0.800893
0.800893
-0.800893
0.589332
-0.589332
0.589332
-0.589332
0.589332
-0.589332
0.589332
-0.589332
0.106106
-0.106106
0.106106
-0.106106
0.106106
-0.106106
0.106106
-0.106106
0.589332
-0.589332
0.589332
-0.589332
0.589332
-0.589332
0.589332
-0.589332
0.749413
-0.749413
0.749413
-0.749413
0.749413
-0.749413
0.749413
-0.749413
0.159417
-0.159417
0.159417
-0.159417
0.159417
-0.159417
0.159417
-0.159417
0.749413
-0.749413
0.749413
-0.749413
0.749413
-0.749413
0.749413
-0.749413
0.642625
-0.642625
0.642625
-0.642625
0.642625
-0.642625
0.642625
-0.642625
0.159417
-0.159417
0.159417
-0.159417
0.159417
-0.159417
0.159417
-0.159417
0.642625
-0.642625
0.642625
-0.642625
0.642625
-0.642625
0.642625
-0.642625
0.757023
-0.757023
0.757023
-0.757023
0.757023
-0.757023
0.757023
-0.757023
0.0535479
-0.0535479
0.0535479
-0.0535479
0.0535479
-0.0535479
0.0535479
-0.0535479
0.757023
-0.757023
0.757023
-0.757023
0.757023
-0.757023
0.757023
-0.757023
0.65119
-0.65119
0.65119
-0.65119
0.65119
-0.65119
0.65119
-0.65119
0.0535479
-0.0535479
0.0535479
-0.0535479
0.0535479
-0.0535479
0.0535479
-0.0535479
0.65119
-0.65119
0.65119
-0.65119
0.65119
-0.65119
0.65119
-0.65119
0.707107
-1
0
0
0.707107
0
1
0
0.707107
-0.707107
0.707107
-0.707107
0
0
0
-0.707107
0
0
0
-0.707107
0
-0.996504
0
0
0
-0.996504
0
0
0.0835495
-0.996504
0.996504
-0.0835495
0.0835495
-0.0835495
0.996504
-0.996504
0.996504
-0.0835495
0.996504
-0.0835495
0
0
0.0835495
0
0.0835495
0
0
0
0.978759
-0.205014
0
-0.978759
0.978759
0
0.205014
-0.978759
0.205014
-0.978759
0.205014
-0.978759
0.978759
-0.205014
0.978759
-0.205014
0.205014
-0.205014
0
0
0
0
0
0
0
0
0.941497
-0.941497
0.337021
-0.337021
0.941497
-0.941497
0.337021
-0.337021
0.941497
-0.337021
0.941497
-0.941497
0.337021
-0.941497
0
0
0
0
0.337021
-0.337021
0
0
0.883249
-0.883249
0.468905
-0.468905
0
0
0.883249
-0.883249
0.883249
-0.468905
0.468905
-0.883249
0.468905
-0.883249
0.883249
-0.468905
0
0
0
0
0.468905
0
0
-0.468905
0.59394
-0.804509
0.804509
-0.59394
0
-0.804509
0.804509
0
0.804509
-0.804509
0.804509
-0.59394
0.59394
-0.59394
0.59394
-0.804509
0.59394
-0.59394
0.00798867
0.00798867
0.00798867
0.00798867
0.00798867
0.00798867
0.00798867
0.00798867
0.00279125
0.00279125
0.00279125
0.00279125
0.00279125
0.00279125
0.00279125
0.00279125
0.00279125
0.00279125
0.00279125
0.00279125
0.00279125
0.00279125
0.00279125
0.00279125
0.00279125
0.00279125
0.00279125
0.00279125
0.00279125
0.00279125
0.00279125
0.00279125
0.0043678
0.0043678
0.0043678
0.0043678
0.0043678
0.0043678
0.0043678
0.0043678
0.0043678
0.0043678
0.0043678
0.0043678
0.0043678
0.0043678
0.0043678
0.0043678
0.0043678
0.0043678
0.0043678
0.0043678
0.0043678
0.0043678
0.0043678
0.0043678
0.0054673
0.0054673
0.0054673
0.0054673
0.0054673
0.0054673
0.0054673
0.0054673
0.0054673
0.0054673
0.0054673
0.0054673
0.0054673
0.0054673
0.0054673
0.0054673
0.0054673
0.0054673
0.0054673
0.0054673
0.0054673
0.0054673
0.0054673
0.0054673
0.00625625
0.00625625
0.00625625
0.00625625
0.00625625
0.00625625
0.00625625
0.00625625
0.00625625
0.00625625
0.00625625
0.00625625
0.00625625
0.00625625
0.00625625
0.00625625
0.00625625
0.00625625
0.00625625
0.00625625
0.00625625
0.00625625
0.00625625
0.00625625
0.00682987
0.00682987
0.00682987
0.00682987
0.00682987
0.00682987
0.00682987
0.00682987
0.00682987
0.00682987
0.00682987
0.00682987
0.00682987
0.00682987
0.00682987
0.00682987
0.00682987
0.00682987
0.00682987
0.00682987
0.00682987
0.00682987
0.00682987
0.00682987
0.00724566
0.00724566
0.00724566
0.00724566
0.00724566
0.00724566
0.00724566
0.00724566
0.00724566
0.00724566
0.00724566
0.00724566
0.00724566
0.00724566
0.00724566
0.00724566
0.00724566
0.00724566
0.00724566
0.00724566
0.00724566
0.00724566
0.00724566
0.00724566
0.00754133
0.00754133
0.00754133
0.00754133
0.00754133
0.00754133
0.00754133
0.00754133
0.00754133
0.00754133
0.00754133
0.00754133
0.00754133
0.00754133
0.00754133
0.00754133
0.00754133
0.00754133
0.00754133
0.00754133
0.00754133
0.00754133
0.00754133
0.00754133
0.00774362
0.00774362
0.00774362
0.00774362
0.00774362
0.00774362
0.00774362
0.00774362
0.00774362
0.00774362
0.00774362
0.00774362
0.00774362
0.00774362
0.00774362
0.00774362
0.00774362
0.00774362
0.00774362
0.00774362
0.00774362
0.00774362
0.00774362
0.00774362
0.00787311
0.00787311
0.00787311
0.00787311
0.00787311
0.00787311
0.00787311
0.00787311
0.00787311
0.00787311
0.00787311
0.00787311
0.00787311
0.00787311
0.00787311
0.00787311
0.00787311
0.00787311
0.00787311
0.00787311
0.00787311
0.00787311
0.00787311
0.00787311
0.00794696
0.00794696
0.00794696
0.00794696
0.00794696
0.00794696
0.00794696
0.00794696
0.00794696
0.00794696
0.00794696
0.00794696
0.00794696
0.00794696
0.00794696
0.00794696
0.00794696
0.00794696
0.00794696
0.00794696
0.00794696
0.00794696
0.00794696
0.00794696
0.00798061
0.00798061
0.00798061
0.00798061
0.00798061
0.00798061
0.00798061
0.00798061
0.00798061
0.00798061
0.00798061
0.00798061
0.00798061
0.00798061
0.00798061
0.00798061
0.00798061
0.00798061
0.00798061
0.00798061
0.00798061
0.00798061
0.00798061
0.00798061
0.00798513
0.00798513
0.00798513
0.00798513
0.00798513
0.00798513
0.00798513
0.00798513
0.00798513
0.00798513
0.00798513
0.00798513
0.00798513
0.00798513
0.00798513
0.00798513
0.00798513
0.00798513
0.00798513
0.00798513
0.00798513
0.00798513
0.00798513
0.00798513
0.00798254
0.00798254
0.00798254
0.00798254
0.00798254
0.00798254
0.00798254
0.00798254
0.00798254
0.00798254
0.00798254
0.00798254
0.00798254
0.00798254
0.00798254
0.00798254
0.00798254
0.00798254
0.00798254
0.00798254
0.00798254
0.00798254
0.00798254
0.00798254
0.00798985
0.00798985
0.00798985
0.00798985
0.00798985
0.00798985
0.00798985
0.00798985
0.00798985
0.00798985
0.00798985
0.00798985
0.00798985
0.00798985
0.00798985
0.00798985
0.00798985
0.00798985
0.00798985
0.00798985
0.00798985
0.00798985
0.00798985
0.00798985
0.00800868
0.00800868
0.00800868
0.00800868
0.00800868
0.00800868
0.00800868
0.00800868
0.00800868
0.00800868
0.00800868
0.00800868
0.00800868
0.00800868
0.00800868
0.00800868
0.00800868
0.00800868
0.00800868
0.00800868
0.00800868
0.00800868
0.00800868
0.00800868
0.00803045
0.00803045
0.00803045
0.00803045
0.00803045
0.00803045
0.00803045
0.00803045
0.00803045
0.00803045
0.00803045
0.00803045
0.00803045
0.00803045
0.00803045
0.00803045
0.00803045
0.00803045
0.00803045
0.00803045
0.00803045
0.00803045
0.00803045
0.00803045
0.00512535
0.00512535
0.00512535
0.00512535
0.00512535
0.00512535
0.00512535
0.00512535
0.00512535
0.00512535
0.00512535
0.00512535
0.00512535
0.00512535
0.00512535
0.00512535
0.00512535
0.00512535
0.00512535
0.00512535
0.00512535
0.00512535
0.00512535
0.00512535
0.00512535
0.00512535
0.00512535
0.00512535
0.00512535
0.00512535
0.00512535
0.00512535
0.00512535
0.00512535
0.00512535
0.00512535
0.00512535
0.00512535
0.00512535
0.00512535
0.00512535
0.00512535
0.00512535
0.00512535
0.00512535
0.00512535
0.00512535
0.00512535
0.00598151
0.00598151
0.00598151
0.00598151
0.00598151
0.00598151
0.00598151
0.00598151
0.00598151
0.00598151
0.00598151
0.00598151
0.00598151
0.00598151
0.00598151
0.00598151
0.00598151
0.00598151
0.00598151
0.00598151
0.00598151
0.00598151
0.00598151
0.00598151
0.00598151
0.00598151
0.00598151
0.00598151
0.00598151
0.00598151
0.00598151
0.00598151
0.00598151
0.00598151
0.00598151
0.00598151
0.00598151
0.00598151
0.00598151
0.00598151
0.00598151
0.00598151
0.00598151
0.00598151
0.00598151
0.00598151
0.00598151
0.00598151
0.00662015
0.00662015
0.00662015
0.00662015
0.00662015
0.00662015
0.00662015
0.00662015
0.00662015
0.00662015
0.00662015
0.00662015
0.00662015
0.00662015
0.00662015
0.00662015
0.00662015
0.00662015
0.00662015
0.00662015
0.00662015
0.00662015
0.00662015
0.00662015
0.00662015
0.00662015
0.00662015
0.00662015
0.00662015
0.00662015
0.00662015
0.00662015
0.00662015
0.00662015
0.00662015
0.00662015
0.00662015
0.00662015
0.00662015
0.00662015
0.00662015
0.00662015
0.00662015
0.00662015
0.00662015
0.00662015
0.00662015
0.00662015
0.00709126
0.00709126
0.00709126
0.00709126
0.00709126
0.00709126
0.00709126
0.00709126
0.00709126
0.00709126
0.00709126
0.00709126
0.00709126
0.00709126
0.00709126
0.00709126
0.00709126
0.00709126
0.00709126
0.00709126
0.00709126
0.00709126
0.00709126
0.00709126
0.00709126
0.00709126
0.00709126
0.00709126
0.00709126
0.00709126
0.00709126
0.00709126
0.00709126
0.00709126
0.00709126
0.00709126
0.00709126
0.00709126
0.00709126
0.00709126
0.00709126
0.00709126
0.00709126
0.00709126
0.00709126
0.00709126
0.00709126
0.00709126
0.00743238
0.00743238
0.00743238
0.00743238
0.00743238
0.00743238
0.00743238
0.00743238
0.00743238
0.00743238
0.00743238
0.00743238
0.00743238
0.00743238
0.00743238
0.00743238
0.00743238
0.00743238
0.00743238
0.00743238
0.00743238
0.00743238
0.00743238
0.00743238
0.00743238
0.00743238
0.00743238
0.00743238
0.00743238
0.00743238
0.00743238
0.00743238
0.00743238
0.00743238
0.00743238
0.00743238
0.00743238
0.00743238
0.00743238
0.00743238
0.00743238
0.00743238
0.00743238
0.00743238
0.00743238
0.00743238
0.00743238
0.00743238
0.00767122
0.00767122
0.00767122
0.00767122
0.00767122
0.00767122
0.00767122
0.00767122
0.00767122
0.00767122
0.00767122
0.00767122
0.00767122
0.00767122
0.00767122
0.00767122
0.00767122
0.00767122
0.00767122
0.00767122
0.00767122
0.00767122
0.00767122
0.00767122
0.00767122
0.00767122
0.00767122
0.00767122
0.00767122
0.00767122
0.00767122
0.00767122
0.00767122
0.00767122
0.00767122
0.00767122
0.00767122
0.00767122
0.00767122
0.00767122
0.00767122
0.00767122
0.00767122
0.00767122
0.00767122
0.00767122
0.00767122
0.00767122
0.00782917
0.00782917
0.00782917
0.00782917
0.00782917
0.00782917
0.00782917
0.00782917
0.00782917
0.00782917
0.00782917
0.00782917
0.00782917
0.00782917
0.00782917
0.00782917
0.00782917
0.00782917
0.00782917
0.00782917
0.00782917
0.00782917
0.00782917
0.00782917
0.00782917
0.00782917
0.00782917
0.00782917
0.00782917
0.00782917
0.00782917
0.00782917
0.00782917
0.00782917
0.00782917
0.00782917
0.00782917
0.00782917
0.00782917
0.00782917
0.00782917
0.00782917
0.00782917
0.00782917
0.00782917
0.00782917
0.00782917
0.00782917
0.00792387
0.00792387
0.00792387
0.00792387
0.00792387
0.00792387
0.00792387
0.00792387
0.00792387
0.00792387
0.00792387
0.00792387
0.00792387
0.00792387
0.00792387
0.00792387
0.00792387
0.00792387
0.00792387
0.00792387
0.00792387
0.00792387
0.00792387
0.00792387
0.00792387
0.00792387
0.00792387
0.00792387
0.00792387
0.00792387
0.00792387
0.00792387
0.00792387
0.00792387
0.00792387
0.00792387
0.00792387
0.00792387
0.00792387
0.00792387
0.00792387
0.00792387
0.00792387
0.00792387
0.00792387
0.00792387
0.00792387
0.00792387
0.00797097
0.00797097
0.00797097
0.00797097
0.00797097
0.00797097
0.00797097
0.00797097
0.00797097
0.00797097
0.00797097
0.00797097
0.00797097
0.00797097
0.00797097
0.00797097
0.00797097
0.00797097
0.00797097
0.00797097
0.00797097
0.00797097
0.00797097
0.00797097
0.00797097
0.00797097
0.00797097
0.00797097
0.00797097
0.00797097
0.00797097
0.00797097
0.00797097
0.00797097
0.00797097
0.00797097
0.00797097
0.00797097
0.00797097
0.00797097
0.00797097
0.00797097
0.00797097
0.00797097
0.00797097
0.00797097
0.00797097
0.00797097
0.00650469
0.00650469
0.00650469
0.00650469
0.00650469
0.00650469
0.00650469
0.00650469
0.00650469
0.00650469
0.00650469
0.00650469
0.00650469
0.00650469
0.00650469
0.00650469
0.00650469
0.00650469
0.00650469
0.00650469
0.00650469
0.00650469
0.00650469
0.00650469
0.00650469
0.00650469
0.00650469
0.00650469
0.00650469
0.00650469
0.00650469
0.00650469
0.00650469
0.00650469
0.00650469
0.00650469
0.00650469
0.00650469
0.00650469
0.00650469
0.00650469
0.00650469
0.00650469
0.00650469
0.00650469
0.00650469
0.00650469
0.00650469
0.00699298
0.00699298
0.00699298
0.00699298
0.00699298
0.00699298
0.00699298
0.00699298
0.00699298
0.00699298
0.00699298
0.00699298
0.00699298
0.00699298
0.00699298
0.00699298
0.00699298
0.00699298
0.00699298
0.00699298
0.00699298
0.00699298
0.00699298
0.00699298
0.00699298
0.00699298
0.00699298
0.00699298
0.00699298
0.00699298
0.00699298
0.00699298
0.00699298
0.00699298
0.00699298
0.00699298
0.00699298
0.00699298
0.00699298
0.00699298
0.00699298
0.00699298
0.00699298
0.00699298
0.00699298
0.00699298
0.00699298
0.00699298
0.0073594
0.0073594
0.0073594
0.0073594
0.0073594
0.0073594
0.0073594
0.0073594
0.0073594
0.0073594
0.0073594
0.0073594
0.0073594
0.0073594
0.0073594
0.0073594
0.0073594
0.0073594
0.0073594
0.0073594
0.0073594
0.0073594
0.0073594
0.0073594
0.0073594
0.0073594
0.0073594
0.0073594
0.0073594
0.0073594
0.0073594
0.0073594
0.0073594
0.0073594
0.0073594
0.0073594
0.0073594
0.0073594
0.0073594
0.0073594
0.0073594
0.0073594
0.0073594
0.0073594
0.0073594
0.0073594
0.0073594
0.0073594
0.00762325
0.00762325
0.00762325
0.00762325
0.00762325
0.00762325
0.00762325
0.00762325
0.00762325
0.00762325
0.00762325
0.00762325
0.00762325
0.00762325
0.00762325
0.00762325
0.00762325
0.00762325
0.00762325
0.00762325
0.00762325
0.00762325
0.00762325
0.00762325
0.00762325
0.00762325
0.00762325
0.00762325
0.00762325
0.00762325
0.00762325
0.00762325
0.00762325
0.00762325
0.00762325
0.00762325
0.00762325
0.00762325
0.00762325
0.00762325
0.00762325
0.00762325
0.00762325
0.00762325
0.00762325
0.00762325
0.00762325
0.00762325
0.00780224
0.00780224
0.00780224
0.00780224
0.00780224
0.00780224
0.00780224
0.00780224
0.00780224
0.00780224
0.00780224
0.00780224
0.00780224
0.00780224
0.00780224
0.00780224
0.00780224
0.00780224
0.00780224
0.00780224
0.00780224
0.00780224
0.00780224
0.00780224
0.00780224
0.00780224
0.00780224
0.00780224
0.00780224
0.00780224
0.00780224
0.00780224
0.00780224
0.00780224
0.00780224
0.00780224
0.00780224
0.00780224
0.00780224
0.00780224
0.00780224
0.00780224
0.00780224
0.00780224
0.00780224
0.00780224
0.00780224
0.00780224
0.00791218
0.00791218
0.00791218
0.00791218
0.00791218
0.00791218
0.00791218
0.00791218
0.00791218
0.00791218
0.00791218
0.00791218
0.00791218
0.00791218
0.00791218
0.00791218
0.00791218
0.00791218
0.00791218
0.00791218
0.00791218
0.00791218
0.00791218
0.00791218
0.00791218
0.00791218
0.00791218
0.00791218
0.00791218
0.00791218
0.00791218
0.00791218
0.00791218
0.00791218
0.00791218
0.00791218
0.00791218
0.00791218
0.00791218
0.00791218
0.00791218
0.00791218
0.00791218
0.00791218
0.00791218
0.00791218
0.00791218
0.00791218
0.00796761
0.00796761
0.00796761
0.00796761
0.00796761
0.00796761
0.00796761
0.00796761
0.00796761
0.00796761
0.00796761
0.00796761
0.00796761
0.00796761
0.00796761
0.00796761
0.00796761
0.00796761
0.00796761
0.00796761
0.00796761
0.00796761
0.00796761
0.00796761
0.00796761
0.00796761
0.00796761
0.00796761
0.00796761
0.00796761
0.00796761
0.00796761
0.00796761
0.00796761
0.00796761
0.00796761
0.00796761
0.00796761
0.00796761
0.00796761
0.00796761
0.00796761
0.00796761
0.00796761
0.00796761
0.00796761
0.00796761
0.00796761
0.00732573
0.00732573
0.00732573
0.00732573
0.00732573
0.00732573
0.00732573
0.00732573
0.00732573
0.00732573
0.00732573
0.00732573
0.00732573
0.00732573
0.00732573
0.00732573
0.00732573
0.00732573
0.00732573
0.00732573
0.00732573
0.00732573
0.00732573
0.00732573
0.00732573
0.00732573
0.00732573
0.00732573
0.00732573
0.00732573
0.00732573
0.00732573
0.00732573
0.00732573
0.00732573
0.00732573
0.00732573
0.00732573
0.00732573
0.00732573
0.00732573
0.00732573
0.00732573
0.00732573
0.00732573
0.00732573
0.00732573
0.00732573
0.00760101
0.00760101
0.00760101
0.00760101
0.00760101
0.00760101
0.00760101
0.00760101
0.00760101
0.00760101
0.00760101
0.00760101
0.00760101
0.00760101
0.00760101
0.00760101
0.00760101
0.00760101
0.00760101
0.00760101
0.00760101
0.00760101
0.00760101
0.00760101
0.00760101
0.00760101
0.00760101
0.00760101
0.00760101
0.00760101
0.00760101
0.00760101
0.00760101
0.00760101
0.00760101
0.00760101
0.00760101
0.00760101
0.00760101
0.00760101
0.00760101
0.00760101
0.00760101
0.00760101
0.00760101
0.00760101
0.00760101
0.00760101
0.00779412
0.00779412
0.00779412
0.00779412
0.00779412
0.00779412
0.00779412
0.00779412
0.00779412
0.00779412
0.00779412
0.00779412
0.00779412
0.00779412
0.00779412
0.00779412
0.00779412
0.00779412
0.00779412
0.00779412
0.00779412
0.00779412
0.00779412
0.00779412
0.00779412
0.00779412
0.00779412
0.00779412
0.00779412
0.00779412
0.00779412
0.00779412
0.00779412
0.00779412
0.00779412
0.00779412
0.00779412
0.00779412
0.00779412
0.00779412
0.00779412
0.00779412
0.00779412
0.00779412
0.00779412
0.00779412
0.00779412
0.00779412
0.00791556
0.00791556
0.00791556
0.00791556
0.00791556
0.00791556
0.00791556
0.00791556
0.00791556
0.00791556
0.00791556
0.00791556
0.00791556
0.00791556
0.00791556
0.00791556
0.00791556
0.00791556
0.00791556
0.00791556
0.00791556
0.00791556
0.00791556
0.00791556
0.00791556
0.00791556
0.00791556
0.00791556
0.00791556
0.00791556
0.00791556
0.00791556
0.00791556
0.00791556
0.00791556
0.00791556
0.00791556
0.00791556
0.00791556
0.00791556
0.00791556
0.00791556
0.00791556
0.00791556
0.00791556
0.00791556
0.00791556
0.00791556
0.00797678
0.00797678
0.00797678
0.00797678
0.00797678
0.00797678
0.00797678
0.00797678
0.00797678
0.00797678
0.00797678
0.00797678
0.00797678
0.00797678
0.00797678
0.00797678
0.00797678
0.00797678
0.00797678
0.00797678
0.00797678
0.00797678
0.00797678
0.00797678
0.00797678
0.00797678
0.00797678
0.00797678
0.00797678
0.00797678
0.00797678
0.00797678
0.00797678
0.00797678
0.00797678
0.00797678
0.00797678
0.00797678
0.00797678
0.00797678
0.00797678
0.00797678
0.00797678
0.00797678
0.00797678
0.00797678
0.00797678
0.00797678
0.0077959
0.0077959
0.0077959
0.0077959
0.0077959
0.0077959
0.0077959
0.0077959
0.0077959
0.0077959
0.0077959
0.0077959
0.0077959
0.0077959
0.0077959
0.0077959
0.0077959
0.0077959
0.0077959
0.0077959
0.0077959
0.0077959
0.0077959
0.0077959
0.0077959
0.0077959
0.0077959
0.0077959
0.0077959
0.0077959
0.0077959
0.0077959
0.0077959
0.0077959
0.0077959
0.0077959
0.0077959
0.0077959
0.0077959
0.0077959
0.0077959
0.0077959
0.0077959
0.0077959
0.0077959
0.0077959
0.0077959
0.0077959
0.00792739
0.00792739
0.00792739
0.00792739
0.00792739
0.00792739
0.00792739
0.00792739
0.00792739
0.00792739
0.00792739
0.00792739
0.00792739
0.00792739
0.00792739
0.00792739
0.00792739
0.00792739
0.00792739
0.00792739
0.00792739
0.00792739
0.00792739
0.00792739
0.00792739
0.00792739
0.00792739
0.00792739
0.00792739
0.00792739
0.00792739
0.00792739
0.00792739
0.00792739
0.00792739
0.00792739
0.00792739
0.00792739
0.00792739
0.00792739
0.00792739
0.00792739
0.00792739
0.00792739
0.00792739
0.00792739
0.00792739
0.00792739
0.00799561
0.00799561
0.00799561
0.00799561
0.00799561
0.00799561
0.00799561
0.00799561
0.00799561
0.00799561
0.00799561
0.00799561
0.00799561
0.00799561
0.00799561
0.00799561
0.00799561
0.00799561
0.00799561
0.00799561
0.00799561
0.00799561
0.00799561
0.00799561
0.00799561
0.00799561
0.00799561
0.00799561
0.00799561
0.00799561
0.00799561
0.00799561
0.00799561
0.00799561
0.00799561
0.00799561
0.00799561
0.00799561
0.00799561
0.00799561
0.00799561
0.00799561
0.00799561
0.00799561
0.00799561
0.00799561
0.00799561
0.00799561
0.00801158
0.00801158
0.00801158
0.00801158
0.00801158
0.00801158
0.00801158
0.00801158
0.00801158
0.00801158
0.00801158
0.00801158
0.00801158
0.00801158
0.00801158
0.00801158
0.00801158
0.00801158
0.00801158
0.00801158
0.00801158
0.00801158
0.00801158
0.00801158
0.00801158
0.00801158
0.00801158
0.00801158
0.00801158
0.00801158
0.00801158
0.00801158
0.00801158
0.00801158
0.00801158
0.00801158
0.00801158
0.00801158
0.00801158
0.00801158
0.00801158
0.00801158
0.00801158
0.00801158
0.00801158
0.00801158
0.00801158
0.00801158
0.00804033
0.000792819
0.000792819
0.000792819
0.00804033
0.000792819
0.000792819
0.000792819
0.00804033
0.00804033
0.00804033
0.00804033
0.00400479
0.00804033
0.00804033
0.00804033
0.00400479
0.00804033
0.00804033
0.00804033
0.00400479
0.00400479
0.00400479
0.00400479
0.00400479
0.00400479
0.00400479
0.00400479
0.00400479
0.00400479
0.00400479
0.00400479
0.00400479
0.00400479
0.00400479
0.00400479
0.00400479
0.00400479
0.00400479
0.00400479
0.00587858
0.00587858
0.00400479
0.00587858
0.00400479
0.00587858
0.00587858
0.00587858
0.00587858
0.00587858
0.00587858
0.00587858
0.00587858
0.00587858
0.00587858
0.00587858
0.00587858
0.00587858
0.00587858
0.00587858
0.00587858
0.00587858
0.00587858
0.00587858
0.00587858
0.00587858
0.0069603
0.0069603
0.0069603
0.0069603
0.0069603
0.0069603
0.0069603
0.0069603
0.0069603
0.0069603
0.0069603
0.0069603
0.0069603
0.0069603
0.0069603
0.0069603
0.0069603
0.0069603
0.0069603
0.0069603
0.0069603
0.0069603
0.00759571
0.00759571
0.00759571
0.00759571
0.0069603
0.0069603
0.00759571
0.00759571
0.00759571
0.00759571
0.00759571
0.00759571
0.00759571
0.00759571
0.00759571
0.00759571
0.00759571
0.00759571
0.00759571
0.00759571
0.00759571
0.00759571
0.00759571
0.00759571
0.00793387
0.00793387
0.00793387
0.00793387
0.00759571
0.00793387
0.00793387
0.00759571
0.00793387
0.00793387
0.00793387
0.00793387
0.00793387
0.00793387
0.00793387
0.00793387
0.00793387
0.00793387
0.00793387
0.00793387
0.00793387
0.00793387
0.00793387
0.00793387
0.00793387
0.00793387
