230
0.57735
0.57735
0.57735
0.57735
-0.57735
-0.57735
-0.57735
-0.57735
0.449204
0.449204
0.449204
0.449204
-0.449204
-0.449204
-0.449204
-0.449204
0.449204
0.449204
0.449204
0.449204
-0.449204
-0.449204
-0.449204
-0.449204
0.772289
0.772289
0.772289
0.772289
-0.772289
-0.772289
-0.772289
-0.772289
0.252042
0.252042
0.252042
0.252042
-0.252042
-0.252042
-0.252042
-0.252042
0.252042
0.252042
0.252042
0.252042
-0.252042
-0.252042
-0.252042
-0.252042
0.934318
0.934318
0.934318
0.934318
-0.934318
-0.934318
-0.934318
-0.934318
0.698191
0.698191
0.698191
0.698191
-0.698191
-0.698191
-0.698191
-0.698191
0.698191
0.698191
0.698191
0.698191
-0.698191
-0.698191
-0.698191
-0.698191
0.158302
0.158302
0.158302
0.158302
-0.158302
-0.158302
-0.158302
-0.158302
0.658741
0.658741
0.658741
0.658741
-0.658741
-0.658741
-0.658741
-0.658741
0.658741
0.658741
0.658741
0.658741
-0.658741
-0.658741
-0.658741
-0.658741
0.363486
0.363486
0.363486
0.363486
-0.363486
-0.363486
-0.363486
-0.363486
0.0403854
0.0403854
0.0403854
0.0403854
-0.0403854
-0.0403854
-0.0403854
-0.0403854
0.0403854
0.0403854
0.0403854
0.0403854
-0.0403854
-0.0403854
-0.0403854
-0.0403854
0.998368
0.998368
0.998368
0.998368
-0.998368
-0.998368
-0.998368
-0.998368
0.227218
0.227218
0.227218
0.227218
-0.227218
-0.227218
-0.227218
-0.227218
0.227218
0.227218
0.227218
0.227218
-0.227218
-0.227218
-0.227218
-0.227218
0.486466
0.486466
0.486466
0.486466
-0.486466
-0.486466
-0.486466
-0.486466
0.486466
0.486466
0.486466
0.486466
-0.486466
-0.486466
-0.486466
-0.486466
0.843637
0.843637
0.843637
0.843637
-0.843637
-0.843637
-0.843637
-0.843637
0.843637
0.843637
0.843637
0.843637
-0.843637
-0.843637
-0.843637
-0.843637
0
1
0
0.582384
-1
0
-0.582384
0
0.582384
0.812914
0.812914
0.582384
-0.582384
-0.812914
-0.812914
-0.582384
0.582384
0.812914
0.812914
0
-0.812914
0
-0.582384
-0.812914
0
0.354588
0
0.354588
0
0
0
0
0.935023
0.354588
0.354588
0.935023
-0.354588
-0.935023
-0.354588
-0.935023
0.935023
0.935023
0
0
-0.354588
-0.354588
-0.935023
-0.935023
0
0
0
0
0
0
0.57735
0.57735
-0.57735
-0.57735
0.57735
0.57735
-0.57735
-0.57735
0.449204
0.449204
-0.449204
-0.449204
0.449204
0.449204
-0.449204
-0.449204
0.772289
0.772289
-0.772289
-0.772289
0.772289
0.772289
-0.772289
-0.772289
0.449204
0.449204
-0.449204
-0.449204
0.449204
0.449204
-0.449204
-0.449204
0.252042
0.252042
-0.252042
-0.252042
0.252042
0.252042
-0.252042
-0.252042
0.934318
0.934318
-0.934318
-0.934318
0.934318
0.934318
-0.934318
-0.934318
0.252042
0.252042
-0.252042
-0.252042
0.252042
0.252042
-0.252042
-0.252042
0.698191
0.698191
-0.698191
-0.698191
0.698191
0.698191
-0.698191
-0.698191
0.158302
0.158302
-0.158302
-0.158302
0.158302
0.158302
-0.158302
-0.158302
0.698191
0.698191
-0.698191
-0.698191
0.698191
0.698191
-0.698191
-0.698191
0.658741
0.658741
-0.658741
-0.658741
0.658741
0.658741
-0.658741
-0.658741
0.363486
0.363486
-0.363486
-0.363486
0.363486
0.363486
-0.363486
-0.363486
0.658741
0.658741
-0.658741
-0.658741
0.658741
0.658741
-0.658741
-0.658741
0.0403854
0.0403854
-0.0403854
-0.0403854
0.0403854
0.0403854
-0.0403854
-0.0403854
0.998368
0.998368
-0.998368
-0.998368
0.998368
0.998368
-0.998368
-0.998368
0.0403854
0.0403854
-0.0403854
-0.0403854
0.0403854
0.0403854
-0.0403854
-0.0403854
0.486466
0.486466
-0.486466
-0.486466
0.486466
0.486466
-0.486466
-0.486466
0.843637
0.843637
-0.843637
-0.843637
0.843637
0.843637
-0.843637
-0.843637
0.227218
0.227218
-0.227218
-0.227218
0.227218
0.227218
-0.227218
-0.227218
0.843637
0.843637
-0.843637
-0.843637
0.843637
0.843637
-0.843637
-0.843637
0.227218
0.227218
-0.227218
-0.227218
0.227218
0.227218
-0.227218
-0.227218
0.486466
0.486466
-0.486466
-0.486466
0.486466
0.486466
-0.486466
-0.486466
0
0
-1
-0.812914
0
1
-0.812914
0
0.812914
0.582384
-0.582384
0
0.812914
0.582384
-0.582384
0
0
0
0
-0.582384
0
0.582384
0
0
0.812914
0.935023
-0.812914
-0.935023
0.582384
0.812914
-0.582384
-0.812914
0.354588
0
0
-0.354588
0.935023
0.354588
-0.935023
-0.354588
0
0
-0.354588
-0.354588
0
0
0
0
0.935023
0.354588
-0.935023
-0.935023
0.354588
0.935023
0.57735
-0.57735
0.57735
-0.57735
0.57735
-0.57735
0.57735
-0.57735
0.772289
-0.772289
0.772289
-0.772289
0.772289
-0.772289
0.772289
-0.772289
0.449204
-0.449204
0.449204
-0.449204
0.449204
-0.449204
0.449204
-0.449204
0.449204
-0.449204
0.449204
-0.449204
0.449204
-0.449204
0.449204
-0.449204
0.934318
-0.934318
0.934318
-0.934318
0.934318
-0.934318
0.934318
-0.934318
0.252042
-0.252042
0.252042
-0.252042
0.252042
-0.252042
0.252042
-0.252042
0.252042
-0.252042
0.252042
-0.252042
0.252042
-0.252042
0.252042
-0.252042
0.158302
-0.158302
0.158302
-0.158302
0.158302
-0.158302
0.158302
-0.158302
0.698191
-0.698191
0.698191
-0.698191
0.698191
-0.698191
0.698191
-0.698191
0.698191
-0.698191
0.698191
-0.698191
0.698191
-0.698191
0.698191
-0.698191
0.363486
-0.363486
0.363486
-0.363486
0.363486
-0.363486
0.363486
-0.363486
0.658741
-0.658741
0.658741
-0.658741
0.658741
-0.658741
0.658741
-0.658741
0.658741
-0.658741
0.658741
-0.658741
0.658741
-0.658741
0.658741
-0.658741
0.998368
-0.998368
0.998368
-0.998368
0.998368
-0.998368
0.998368
-0.998368
0.0403854
-0.0403854
0.0403854
-0.0403854
0.0403854
-0.0403854
0.0403854
-0.0403854
0.0403854
-0.0403854
0.0403854
-0.0403854
0.0403854
-0.0403854
0.0403854
-0.0403854
0.843637
-0.843637
0.843637
-0.843637
0.843637
-0.843637
0.843637
-0.843637
0.486466
-0.486466
0.486466
-0.486466
0.486466
-0.486466
0.486466
-0.486466
0.843637
-0.843637
0.843637
-0.843637
0.843637
-0.843637
0.843637
-0.843637
0.227218
-0.227218
0.227218
-0.227218
0.227218
-0.227218
0.227218
-0.227218
0.486466
-0.486466
0.486466
-0.486466
0.486466
-0.486466
0.486466
-0.486466
0.227218
-0.227218
0.227218
-0.227218
0.227218
-0.227218
0.227218
-0.227218
1
0
0
0
0
0
0
-1
0
0
0
-0.812914
0
0
0
-0.812914
0.812914
-0.582384
0.582384
-0.812914
0.582384
-0.812914
0.812914
-0.582384
0.582384
0
0.582384
0
0.812914
-0.582384
0.812914
-0.582384
0
-0.935023
0.935023
0
0
0
0
0
0.354588
-0.354588
0.935023
-0.935023
0.935023
-0.935023
0.354588
-0.354588
0.354588
-0.935023
0.354588
-0.354588
0.935023
-0.354588
0.0559238
0.0559238
0.0559238
0.0559238
0.0559238
0.0559238
0.0559238
0.0559238
0.056509
0.056509
0.056509
0.056509
0.056509
0.056509
0.056509
0.056509
0.056509
0.056509
0.056509
0.056509
0.056509
0.056509
0.056509
0.056509
0.056509
0.056509
0.056509
0.056509
0.056509
0.056509
0.056509
0.056509
0.0634495
0.0634495
0.0634495
0.0634495
0.0634495
0.0634495
0.0634495
0.0634495
0.0634495
0.0634495
0.0634495
0.0634495
0.0634495
0.0634495
0.0634495
0.0634495
0.0634495
0.0634495
0.0634495
0.0634495
0.0634495
0.0634495
0.0634495
0.0634495
0.049969
0.049969
0.049969
0.049969
0.049969
0.049969
0.049969
0.049969
0.049969
0.049969
0.049969
0.049969
0.049969
0.049969
0.049969
0.049969
0.049969
0.049969
0.049969
0.049969
0.049969
0.049969
0.049969
0.049969
0.0553096
0.0553096
0.0553096
0.0553096
0.0553096
0.0553096
0.0553096
0.0553096
0.0553096
0.0553096
0.0553096
0.0553096
0.0553096
0.0553096
0.0553096
0.0553096
0.0553096
0.0553096
0.0553096
0.0553096
0.0553096
0.0553096
0.0553096
0.0553096
0.216713
0.216713
0.216713
0.216713
0.216713
0.216713
0.216713
0.216713
0.216713
0.216713
0.216713
0.216713
0.216713
0.216713
0.216713
0.216713
0.216713
0.216713
0.216713
0.216713
0.216713
0.216713
0.216713
0.216713
0.0590082
0.0590082
0.0590082
0.0590082
0.0590082
0.0590082
0.0590082
0.0590082
0.0590082
0.0590082
0.0590082
0.0590082
0.0590082
0.0590082
0.0590082
0.0590082
0.0590082
0.0590082
0.0590082
0.0590082
0.0590082
0.0590082
0.0590082
0.0590082
0.0590082
0.0590082
0.0590082
0.0590082
0.0590082
0.0590082
0.0590082
0.0590082
0.0590082
0.0590082
0.0590082
0.0590082
0.0590082
0.0590082
0.0590082
0.0590082
0.0590082
0.0590082
0.0590082
0.0590082
0.0590082
0.0590082
0.0590082
0.0590082
-0.693995
-0.693995
-0.693995
0.0531694
-0.693995
-0.693995
0.0531694
-0.693995
0.0531694
0.0531694
0.0531694
0.0531694
0.0531694
0.0531694
0.0531694
0.0531694
0.0531694
0.0531694
0.0531694
0.0531694
0.0531694
0.0531694
0.0531694
0.0531694
0.0531694
0.0653209
0.0531694
0.0653209
0.0531694
0.0531694
0.0531694
0.0531694
0.0653209
0.0653209
0.0653209
0.0653209
0.0653209
0.0653209
0.0653209
0.0653209
0.0653209
0.0653209
0.0653209
0.0653209
0.0653209
0.0653209
0.0653209
0.0653209
0.0653209
0.0653209
0.0653209
0.0653209
0.0653209
0.0653209
