2354
0.57735
0.57735
0.57735
0.57735
-0.57735
-0.57735
-0.57735
-0.57735
0.0229002
0.0229002
0.0229002
0.0229002
-0.0229002
-0.0229002
-0.0229002
-0.0229002
0.0229002
0.0229002
0.0229002
0.0229002
-0.0229002
-0.0229002
-0.0229002
-0.0229002
0.999475
0.999475
0.999475
0.999475
-0.999475
-0.999475
-0.999475
-0.999475
0.0577909
0.0577909
0.0577909
0.0577909
-0.0577909
-0.0577909
-0.0577909
-0.0577909
0.0577909
0.0577909
0.0577909
0.0577909
-0.0577909
-0.0577909
-0.0577909
-0.0577909
0.996655
0.996655
0.996655
0.996655
-0.996655
-0.996655
-0.996655
-0.996655
0.098631
0.098631
0.098631
0.098631
-0.098631
-0.098631
-0.098631
-0.098631
0.098631
0.098631
0.098631
0.098631
-0.098631
-0.098631
-0.098631
-0.098631
0.990224
0.990224
0.990224
0.990224
-0.990224
-0.990224
-0.990224
-0.990224
0.142816
0.142816
0.142816
0.142816
-0.142816
-0.142816
-0.142816
-0.142816
0.142816
0.142816
0.142816
0.142816
-0.142816
-0.142816
-0.142816
-0.142816
0.979391
0.979391
0.979391
0.979391
-0.979391
-0.979391
-0.979391
-0.979391
0.188898
0.188898
0.188898
0.188898
-0.188898
-0.188898
-0.188898
-0.188898
0.188898
0.188898
0.188898
0.188898
-0.188898
-0.188898
-0.188898
-0.188898
0.963657
0.963657
0.963657
0.963657
-0.963657
-0.963657
-0.963657
-0.963657
0.235909
0.235909
0.235909
0.235909
-0.235909
-0.235909
-0.235909
-0.235909
0.235909
0.235909
0.235909
0.235909
-0.235909
-0.235909
-0.235909
-0.235909
0.942706
0.942706
0.942706
0.942706
-0.942706
-0.942706
-0.942706
-0.942706
0.283123
0.283123
0.283123
0.283123
-0.283123
-0.283123
-0.283123
-0.283123
0.283123
0.283123
0.283123
0.283123
-0.283123
-0.283123
-0.283123
-0.283123
0.916342
0.916342
0.916342
0.916342
-0.916342
-0.916342
-0.916342
-0.916342
0.32995
0.32995
0.32995
0.32995
-0.32995
-0.32995
-0.32995
-0.32995
0.32995
0.32995
0.32995
0.32995
-0.32995
-0.32995
-0.32995
-0.32995
0.884458
0.884458
0.884458
0.884458
-0.884458
-0.884458
-0.884458
-0.884458
0.375884
0.375884
0.375884
0.375884
-0.375884
-0.375884
-0.375884
-0.375884
0.375884
0.375884
0.375884
0.375884
-0.375884
-0.375884
-0.375884
-0.375884
0.847008
0.847008
0.847008
0.847008
-0.847008
-0.847008
-0.847008
-0.847008
0.420475
0.420475
0.420475
0.420475
-0.420475
-0.420475
-0.420475
-0.420475
0.420475
0.420475
0.420475
0.420475
-0.420475
-0.420475
-0.420475
-0.420475
0.803991
0.803991
0.803991
0.803991
-0.803991
-0.803991
-0.803991
-0.803991
0.463307
0.463307
0.463307
0.463307
-0.463307
-0.463307
-0.463307
-0.463307
0.463307
0.463307
0.463307
0.463307
-0.463307
-0.463307
-0.463307
-0.463307
0.755443
0.755443
0.755443
0.755443
-0.755443
-0.755443
-0.755443
-0.755443
0.503985
0.503985
0.503985
0.503985
-0.503985
-0.503985
-0.503985
-0.503985
0.503985
0.503985
0.503985
0.503985
-0.503985
-0.503985
-0.503985
-0.503985
0.701426
0.701426
0.701426
0.701426
-0.701426
-0.701426
-0.701426
-0.701426
0.542127
0.542127
0.542127
0.542127
-0.542127
-0.542127
-0.542127
-0.542127
0.542127
0.542127
0.542127
0.542127
-0.542127
-0.542127
-0.542127
-0.542127
0.642026
0.642026
0.642026
0.642026
-0.642026
-0.642026
-0.642026
-0.642026
0.609266
0.609266
0.609266
0.609266
-0.609266
-0.609266
-0.609266
-0.609266
0.609266
0.609266
0.609266
0.609266
-0.609266
-0.609266
-0.609266
-0.609266
0.507533
0.507533
0.507533
0.507533
-0.507533
-0.507533
-0.507533
-0.507533
0.637465
0.637465
0.637465
0.637465
-0.637465
-0.637465
-0.637465
-0.637465
0.637465
0.637465
0.637465
0.637465
-0.637465
-0.637465
-0.637465
-0.637465
0.432754
0.432754
0.432754
0.432754
-0.432754
-0.432754
-0.432754
-0.432754
0.661514
0.661514
0.661514
0.661514
-0.661514
-0.661514
-0.661514
-0.661514
0.661514
0.661514
0.661514
0.661514
-0.661514
-0.661514
-0.661514
-0.661514
0.35327
0.35327
0.35327
0.35327
-0.35327
-0.35327
-0.35327
-0.35327
0.680949
0.680949
0.680949
0.680949
-0.680949
-0.680949
-0.680949
-0.680949
0.680949
0.680949
0.680949
0.680949
-0.680949
-0.680949
-0.680949
-0.680949
0.269477
0.269477
0.269477
0.269477
-0.269477
-0.269477
-0.269477
-0.269477
0.695298
0.695298
0.695298
0.695298
-0.695298
-0.695298
-0.695298
-0.695298
0.695298
0.695298
0.695298
0.695298
-0.695298
-0.695298
-0.695298
-0.695298
0.181993
0.181993
0.181993
0.181993
-0.181993
-0.181993
-0.181993
-0.181993
0.704125
0.704125
0.704125
0.704125
-0.704125
-0.704125
-0.704125
-0.704125
0.704125
0.704125
0.704125
0.704125
-0.704125
-0.704125
-0.704125
-0.704125
0.0917455
0.0917455
0.0917455
0.0917455
-0.0917455
-0.0917455
-0.0917455
-0.0917455
0.113508
0.113508
0.113508
0.113508
-0.113508
-0.113508
-0.113508
-0.113508
0.113508
0.113508
0.113508
0.113508
-0.113508
-0.113508
-0.113508
-0.113508
0.0333195
0.0333195
0.0333195
0.0333195
-0.0333195
-0.0333195
-0.0333195
-0.0333195
0.0333195
0.0333195
0.0333195
0.0333195
-0.0333195
-0.0333195
-0.0333195
-0.0333195
0.992978
0.992978
0.992978
0.992978
-0.992978
-0.992978
-0.992978
-0.992978
0.992978
0.992978
0.992978
0.992978
-0.992978
-0.992978
-0.992978
-0.992978
0.161287
0.161287
0.161287
0.161287
-0.161287
-0.161287
-0.161287
-0.161287
0.161287
0.161287
0.161287
0.161287
-0.161287
-0.161287
-0.161287
-0.161287
0.0724717
0.0724717
0.0724717
0.0724717
-0.0724717
-0.0724717
-0.0724717
-0.0724717
0.0724717
0.0724717
0.0724717
0.0724717
-0.0724717
-0.0724717
-0.0724717
-0.0724717
0.984243
0.984243
0.984243
0.984243
-0.984243
-0.984243
-0.984243
-0.984243
0.984243
0.984243
0.984243
0.984243
-0.984243
-0.984243
-0.984243
-0.984243
0.210079
0.210079
0.210079
0.210079
-0.210079
-0.210079
-0.210079
-0.210079
0.210079
0.210079
0.210079
0.210079
-0.210079
-0.210079
-0.210079
-0.210079
0.115154
0.115154
0.115154
0.115154
-0.115154
-0.115154
-0.115154
-0.115154
0.115154
0.115154
0.115154
0.115154
-0.115154
-0.115154
-0.115154
-0.115154
0.970879
0.970879
0.970879
0.970879
-0.970879
-0.970879
-0.970879
-0.970879
0.970879
0.970879
0.970879
0.970879
-0.970879
-0.970879
-0.970879
-0.970879
0.259228
0.259228
0.259228
0.259228
-0.259228
-0.259228
-0.259228
-0.259228
0.259228
0.259228
0.259228
0.259228
-0.259228
-0.259228
-0.259228
-0.259228
0.159949
0.159949
0.159949
0.159949
-0.159949
-0.159949
-0.159949
-0.159949
0.159949
0.159949
0.159949
0.159949
-0.159949
-0.159949
-0.159949
-0.159949
0.952479
0.952479
0.952479
0.952479
-0.952479
-0.952479
-0.952479
-0.952479
0.952479
0.952479
0.952479
0.952479
-0.952479
-0.952479
-0.952479
-0.952479
0.308174
0.308174
0.308174
0.308174
-0.308174
-0.308174
-0.308174
-0.308174
0.308174
0.308174
0.308174
0.308174
-0.308174
-0.308174
-0.308174
-0.308174
0.20587
0.20587
0.20587
0.20587
-0.20587
-0.20587
-0.20587
-0.20587
0.20587
0.20587
0.20587
0.20587
-0.20587
-0.20587
-0.20587
-0.20587
0.928788
0.928788
0.928788
0.928788
-0.928788
-0.928788
-0.928788
-0.928788
0.928788
0.928788
0.928788
0.928788
-0.928788
-0.928788
-0.928788
-0.928788
0.356429
0.356429
0.356429
0.356429
-0.356429
-0.356429
-0.356429
-0.356429
0.356429
0.356429
0.356429
0.356429
-0.356429
-0.356429
-0.356429
-0.356429
0.252162
0.252162
0.252162
0.252162
-0.252162
-0.252162
-0.252162
-0.252162
0.252162
0.252162
0.252162
0.252162
-0.252162
-0.252162
-0.252162
-0.252162
0.899651
0.899651
0.899651
0.899651
-0.899651
-0.899651
-0.899651
-0.899651
0.899651
0.899651
0.899651
0.899651
-0.899651
-0.899651
-0.899651
-0.899651
0.403559
0.403559
0.403559
0.403559
-0.403559
-0.403559
-0.403559
-0.403559
0.403559
0.403559
0.403559
0.403559
-0.403559
-0.403559
-0.403559
-0.403559
0.298209
0.298209
0.298209
0.298209
-0.298209
-0.298209
-0.298209
-0.298209
0.298209
0.298209
0.298209
0.298209
-0.298209
-0.298209
-0.298209
-0.298209
0.864992
0.864992
0.864992
0.864992
-0.864992
-0.864992
-0.864992
-0.864992
0.864992
0.864992
0.864992
0.864992
-0.864992
-0.864992
-0.864992
-0.864992
0.449167
0.449167
0.449167
0.449167
-0.449167
-0.449167
-0.449167
-0.449167
0.449167
0.449167
0.449167
0.449167
-0.449167
-0.449167
-0.449167
-0.449167
0.343476
0.343476
0.343476
0.343476
-0.343476
-0.343476
-0.343476
-0.343476
0.343476
0.343476
0.343476
0.343476
-0.343476
-0.343476
-0.343476
-0.343476
0.824787
0.824787
0.824787
0.824787
-0.824787
-0.824787
-0.824787
-0.824787
0.824787
0.824787
0.824787
0.824787
-0.824787
-0.824787
-0.824787
-0.824787
0.492885
0.492885
0.492885
0.492885
-0.492885
-0.492885
-0.492885
-0.492885
0.492885
0.492885
0.492885
0.492885
-0.492885
-0.492885
-0.492885
-0.492885
0.387483
0.387483
0.387483
0.387483
-0.387483
-0.387483
-0.387483
-0.387483
0.387483
0.387483
0.387483
0.387483
-0.387483
-0.387483
-0.387483
-0.387483
0.779051
0.779051
0.779051
0.779051
-0.779051
-0.779051
-0.779051
-0.779051
0.779051
0.779051
0.779051
0.779051
-0.779051
-0.779051
-0.779051
-0.779051
0.534365
0.534365
0.534365
0.534365
-0.534365
-0.534365
-0.534365
-0.534365
0.534365
0.534365
0.534365
0.534365
-0.534365
-0.534365
-0.534365
-0.534365
0.429781
0.429781
0.429781
0.429781
-0.429781
-0.429781
-0.429781
-0.429781
0.429781
0.429781
0.429781
0.429781
-0.429781
-0.429781
-0.429781
-0.429781
0.727834
0.727834
0.727834
0.727834
-0.727834
-0.727834
-0.727834
-0.727834
0.727834
0.727834
0.727834
0.727834
-0.727834
-0.727834
-0.727834
-0.727834
0.573268
0.573268
0.573268
0.573268
-0.573268
-0.573268
-0.573268
-0.573268
0.573268
0.573268
0.573268
0.573268
-0.573268
-0.573268
-0.573268
-0.573268
0.46994
0.46994
0.46994
0.46994
-0.46994
-0.46994
-0.46994
-0.46994
0.46994
0.46994
0.46994
0.46994
-0.46994
-0.46994
-0.46994
-0.46994
0.671208
0.671208
0.671208
0.671208
-0.671208
-0.671208
-0.671208
-0.671208
0.671208
0.671208
0.671208
0.671208
-0.671208
-0.671208
-0.671208
-0.671208
0.221413
0.221413
0.221413
0.221413
-0.221413
-0.221413
-0.221413
-0.221413
0.221413
0.221413
0.221413
0.221413
-0.221413
-0.221413
-0.221413
-0.221413
0.038736
0.038736
0.038736
0.038736
-0.038736
-0.038736
-0.038736
-0.038736
0.038736
0.038736
0.038736
0.038736
-0.038736
-0.038736
-0.038736
-0.038736
0.97441
0.97441
0.97441
0.97441
-0.97441
-0.97441
-0.97441
-0.97441
0.97441
0.97441
0.97441
0.97441
-0.97441
-0.97441
-0.97441
-0.97441
0.27418
0.27418
0.27418
0.27418
-0.27418
-0.27418
-0.27418
-0.27418
0.27418
0.27418
0.27418
0.27418
-0.27418
-0.27418
-0.27418
-0.27418
0.080895
0.080895
0.080895
0.080895
-0.080895
-0.080895
-0.080895
-0.080895
0.080895
0.080895
0.080895
0.080895
-0.080895
-0.080895
-0.080895
-0.080895
0.95827
0.95827
0.95827
0.95827
-0.95827
-0.95827
-0.95827
-0.95827
0.95827
0.95827
0.95827
0.95827
-0.95827
-0.95827
-0.95827
-0.95827
0.32598
0.32598
0.32598
0.32598
-0.32598
-0.32598
-0.32598
-0.32598
0.32598
0.32598
0.32598
0.32598
-0.32598
-0.32598
-0.32598
-0.32598
0.125173
0.125173
0.125173
0.125173
-0.125173
-0.125173
-0.125173
-0.125173
0.125173
0.125173
0.125173
0.125173
-0.125173
-0.125173
-0.125173
-0.125173
0.937053
0.937053
0.937053
0.937053
-0.937053
-0.937053
-0.937053
-0.937053
0.937053
0.937053
0.937053
0.937053
-0.937053
-0.937053
-0.937053
-0.937053
0.376544
0.376544
0.376544
0.376544
-0.376544
-0.376544
-0.376544
-0.376544
0.376544
0.376544
0.376544
0.376544
-0.376544
-0.376544
-0.376544
-0.376544
0.170626
0.170626
0.170626
0.170626
-0.170626
-0.170626
-0.170626
-0.170626
0.170626
0.170626
0.170626
0.170626
-0.170626
-0.170626
-0.170626
-0.170626
0.91055
0.91055
0.91055
0.91055
-0.91055
-0.91055
-0.91055
-0.91055
0.91055
0.91055
0.91055
0.91055
-0.91055
-0.91055
-0.91055
-0.91055
0.425577
0.425577
0.425577
0.425577
-0.425577
-0.425577
-0.425577
-0.425577
0.425577
0.425577
0.425577
0.425577
-0.425577
-0.425577
-0.425577
-0.425577
0.216512
0.216512
0.216512
0.216512
-0.216512
-0.216512
-0.216512
-0.216512
0.216512
0.216512
0.216512
0.216512
-0.216512
-0.216512
-0.216512
-0.216512
0.878639
0.878639
0.878639
0.878639
-0.878639
-0.878639
-0.878639
-0.878639
0.878639
0.878639
0.878639
0.878639
-0.878639
-0.878639
-0.878639
-0.878639
0.47278
0.47278
0.47278
0.47278
-0.47278
-0.47278
-0.47278
-0.47278
0.47278
0.47278
0.47278
0.47278
-0.47278
-0.47278
-0.47278
-0.47278
0.262209
0.262209
0.262209
0.262209
-0.262209
-0.262209
-0.262209
-0.262209
0.262209
0.262209
0.262209
0.262209
-0.262209
-0.262209
-0.262209
-0.262209
0.841265
0.841265
0.841265
0.841265
-0.841265
-0.841265
-0.841265
-0.841265
0.841265
0.841265
0.841265
0.841265
-0.841265
-0.841265
-0.841265
-0.841265
0.517855
0.517855
0.517855
0.517855
-0.517855
-0.517855
-0.517855
-0.517855
0.517855
0.517855
0.517855
0.517855
-0.517855
-0.517855
-0.517855
-0.517855
0.307172
0.307172
0.307172
0.307172
-0.307172
-0.307172
-0.307172
-0.307172
0.307172
0.307172
0.307172
0.307172
-0.307172
-0.307172
-0.307172
-0.307172
0.798418
0.798418
0.798418
0.798418
-0.798418
-0.798418
-0.798418
-0.798418
0.798418
0.798418
0.798418
0.798418
-0.798418
-0.798418
-0.798418
-0.798418
0.560514
0.560514
0.560514
0.560514
-0.560514
-0.560514
-0.560514
-0.560514
0.560514
0.560514
0.560514
0.560514
-0.560514
-0.560514
-0.560514
-0.560514
0.3509
0.3509
0.3509
0.3509
-0.3509
-0.3509
-0.3509
-0.3509
0.3509
0.3509
0.3509
0.3509
-0.3509
-0.3509
-0.3509
-0.3509
0.750129
0.750129
0.750129
0.750129
-0.750129
-0.750129
-0.750129
-0.750129
0.750129
0.750129
0.750129
0.750129
-0.750129
-0.750129
-0.750129
-0.750129
0.600476
0.600476
0.600476
0.600476
-0.600476
-0.600476
-0.600476
-0.600476
0.600476
0.600476
0.600476
0.600476
-0.600476
-0.600476
-0.600476
-0.600476
0.392916
0.392916
0.392916
0.392916
-0.392916
-0.392916
-0.392916
-0.392916
0.392916
0.392916
0.392916
0.392916
-0.392916
-0.392916
-0.392916
-0.392916
0.696452
0.696452
0.696452
0.696452
-0.696452
-0.696452
-0.696452
-0.696452
0.696452
0.696452
0.696452
0.696452
-0.696452
-0.696452
-0.696452
-0.696452
0.335284
0.335284
0.335284
0.335284
-0.335284
-0.335284
-0.335284
-0.335284
0.335284
0.335284
0.335284
0.335284
-0.335284
-0.335284
-0.335284
-0.335284
0.0420256
0.0420256
0.0420256
0.0420256
-0.0420256
-0.0420256
-0.0420256
-0.0420256
0.0420256
0.0420256
0.0420256
0.0420256
-0.0420256
-0.0420256
-0.0420256
-0.0420256
0.941179
0.941179
0.941179
0.941179
-0.941179
-0.941179
-0.941179
-0.941179
0.941179
0.941179
0.941179
0.941179
-0.941179
-0.941179
-0.941179
-0.941179
0.389197
0.389197
0.389197
0.389197
-0.389197
-0.389197
-0.389197
-0.389197
0.389197
0.389197
0.389197
0.389197
-0.389197
-0.389197
-0.389197
-0.389197
0.0861431
0.0861431
0.0861431
0.0861431
-0.0861431
-0.0861431
-0.0861431
-0.0861431
0.0861431
0.0861431
0.0861431
0.0861431
-0.0861431
-0.0861431
-0.0861431
-0.0861431
0.917118
0.917118
0.917118
0.917118
-0.917118
-0.917118
-0.917118
-0.917118
0.917118
0.917118
0.917118
0.917118
-0.917118
-0.917118
-0.917118
-0.917118
0.440988
0.440988
0.440988
0.440988
-0.440988
-0.440988
-0.440988
-0.440988
0.440988
0.440988
0.440988
0.440988
-0.440988
-0.440988
-0.440988
-0.440988
0.13145
0.13145
0.13145
0.13145
-0.13145
-0.13145
-0.13145
-0.13145
0.13145
0.13145
0.13145
0.13145
-0.13145
-0.13145
-0.13145
-0.13145
0.887835
0.887835
0.887835
0.887835
-0.887835
-0.887835
-0.887835
-0.887835
0.887835
0.887835
0.887835
0.887835
-0.887835
-0.887835
-0.887835
-0.887835
0.490489
0.490489
0.490489
0.490489
-0.490489
-0.490489
-0.490489
-0.490489
0.490489
0.490489
0.490489
0.490489
-0.490489
-0.490489
-0.490489
-0.490489
0.177219
0.177219
0.177219
0.177219
-0.177219
-0.177219
-0.177219
-0.177219
0.177219
0.177219
0.177219
0.177219
-0.177219
-0.177219
-0.177219
-0.177219
0.853237
0.853237
0.853237
0.853237
-0.853237
-0.853237
-0.853237
-0.853237
0.853237
0.853237
0.853237
0.853237
-0.853237
-0.853237
-0.853237
-0.853237
0.537506
0.537506
0.537506
0.537506
-0.537506
-0.537506
-0.537506
-0.537506
0.537506
0.537506
0.537506
0.537506
-0.537506
-0.537506
-0.537506
-0.537506
0.222828
0.222828
0.222828
0.222828
-0.222828
-0.222828
-0.222828
-0.222828
0.222828
0.222828
0.222828
0.222828
-0.222828
-0.222828
-0.222828
-0.222828
0.813287
0.813287
0.813287
0.813287
-0.813287
-0.813287
-0.813287
-0.813287
0.813287
0.813287
0.813287
0.813287
-0.813287
-0.813287
-0.813287
-0.813287
0.581826
0.581826
0.581826
0.581826
-0.581826
-0.581826
-0.581826
-0.581826
0.581826
0.581826
0.581826
0.581826
-0.581826
-0.581826
-0.581826
-0.581826
0.267718
0.267718
0.267718
0.267718
-0.267718
-0.267718
-0.267718
-0.267718
0.267718
0.267718
0.267718
0.267718
-0.267718
-0.267718
-0.267718
-0.267718
0.767988
0.767988
0.767988
0.767988
-0.767988
-0.767988
-0.767988
-0.767988
0.767988
0.767988
0.767988
0.767988
-0.767988
-0.767988
-0.767988
-0.767988
0.623233
0.623233
0.623233
0.623233
-0.623233
-0.623233
-0.623233
-0.623233
0.623233
0.623233
0.623233
0.623233
-0.623233
-0.623233
-0.623233
-0.623233
0.311368
0.311368
0.311368
0.311368
-0.311368
-0.311368
-0.311368
-0.311368
0.311368
0.311368
0.311368
0.311368
-0.311368
-0.311368
-0.311368
-0.311368
0.717377
0.717377
0.717377
0.717377
-0.717377
-0.717377
-0.717377
-0.717377
0.717377
0.717377
0.717377
0.717377
-0.717377
-0.717377
-0.717377
-0.717377
0.448949
0.448949
0.448949
0.448949
-0.448949
-0.448949
-0.448949
-0.448949
0.448949
0.448949
0.448949
0.448949
-0.448949
-0.448949
-0.448949
-0.448949
0.0440916
0.0440916
0.0440916
0.0440916
-0.0440916
-0.0440916
-0.0440916
-0.0440916
0.0440916
0.0440916
0.0440916
0.0440916
-0.0440916
-0.0440916
-0.0440916
-0.0440916
0.892469
0.892469
0.892469
0.892469
-0.892469
-0.892469
-0.892469
-0.892469
0.892469
0.892469
0.892469
0.892469
-0.892469
-0.892469
-0.892469
-0.892469
0.501514
0.501514
0.501514
0.501514
-0.501514
-0.501514
-0.501514
-0.501514
0.501514
0.501514
0.501514
0.501514
-0.501514
-0.501514
-0.501514
-0.501514
0.0893901
0.0893901
0.0893901
0.0893901
-0.0893901
-0.0893901
-0.0893901
-0.0893901
0.0893901
0.0893901
0.0893901
0.0893901
-0.0893901
-0.0893901
-0.0893901
-0.0893901
0.860519
0.860519
0.860519
0.860519
-0.860519
-0.860519
-0.860519
-0.860519
0.860519
0.860519
0.860519
0.860519
-0.860519
-0.860519
-0.860519
-0.860519
0.55113
0.55113
0.55113
0.55113
-0.55113
-0.55113
-0.55113
-0.55113
0.55113
0.55113
0.55113
0.55113
-0.55113
-0.55113
-0.55113
-0.55113
0.135181
0.135181
0.135181
0.135181
-0.135181
-0.135181
-0.135181
-0.135181
0.135181
0.135181
0.135181
0.135181
-0.135181
-0.135181
-0.135181
-0.135181
0.823397
0.823397
0.823397
0.823397
-0.823397
-0.823397
-0.823397
-0.823397
0.823397
0.823397
0.823397
0.823397
-0.823397
-0.823397
-0.823397
-0.823397
0.597672
0.597672
0.597672
0.597672
-0.597672
-0.597672
-0.597672
-0.597672
0.597672
0.597672
0.597672
0.597672
-0.597672
-0.597672
-0.597672
-0.597672
0.180837
0.180837
0.180837
0.180837
-0.180837
-0.180837
-0.180837
-0.180837
0.180837
0.180837
0.180837
0.180837
-0.180837
-0.180837
-0.180837
-0.180837
0.78108
0.78108
0.78108
0.78108
-0.78108
-0.78108
-0.78108
-0.78108
0.78108
0.78108
0.78108
0.78108
-0.78108
-0.78108
-0.78108
-0.78108
0.640996
0.640996
0.640996
0.640996
-0.640996
-0.640996
-0.640996
-0.640996
0.640996
0.640996
0.640996
0.640996
-0.640996
-0.640996
-0.640996
-0.640996
0.225785
0.225785
0.225785
0.225785
-0.225785
-0.225785
-0.225785
-0.225785
0.225785
0.225785
0.225785
0.225785
-0.225785
-0.225785
-0.225785
-0.225785
0.733584
0.733584
0.733584
0.733584
-0.733584
-0.733584
-0.733584
-0.733584
0.733584
0.733584
0.733584
0.733584
-0.733584
-0.733584
-0.733584
-0.733584
0.558122
0.558122
0.558122
0.558122
-0.558122
-0.558122
-0.558122
-0.558122
0.558122
0.558122
0.558122
0.558122
-0.558122
-0.558122
-0.558122
-0.558122
0.0453217
0.0453217
0.0453217
0.0453217
-0.0453217
-0.0453217
-0.0453217
-0.0453217
0.0453217
0.0453217
0.0453217
0.0453217
-0.0453217
-0.0453217
-0.0453217
-0.0453217
0.82852
0.82852
0.82852
0.82852
-0.82852
-0.82852
-0.82852
-0.82852
0.82852
0.82852
0.82852
0.82852
-0.82852
-0.82852
-0.82852
-0.82852
0.607471
0.607471
0.607471
0.607471
-0.607471
-0.607471
-0.607471
-0.607471
0.607471
0.607471
0.607471
0.607471
-0.607471
-0.607471
-0.607471
-0.607471
0.0911749
0.0911749
0.0911749
0.0911749
-0.0911749
-0.0911749
-0.0911749
-0.0911749
0.0911749
0.0911749
0.0911749
0.0911749
-0.0911749
-0.0911749
-0.0911749
-0.0911749
0.789092
0.789092
0.789092
0.789092
-0.789092
-0.789092
-0.789092
-0.789092
0.789092
0.789092
0.789092
0.789092
-0.789092
-0.789092
-0.789092
-0.789092
0.653227
0.653227
0.653227
0.653227
-0.653227
-0.653227
-0.653227
-0.653227
0.653227
0.653227
0.653227
0.653227
-0.653227
-0.653227
-0.653227
-0.653227
0.136929
0.136929
0.136929
0.136929
-0.136929
-0.136929
-0.136929
-0.136929
0.136929
0.136929
0.136929
0.136929
-0.136929
-0.136929
-0.136929
-0.136929
0.744677
0.744677
0.744677
0.744677
-0.744677
-0.744677
-0.744677
-0.744677
0.744677
0.744677
0.744677
0.744677
-0.744677
-0.744677
-0.744677
-0.744677
0.659476
0.659476
0.659476
0.659476
-0.659476
-0.659476
-0.659476
-0.659476
0.659476
0.659476
0.659476
0.659476
-0.659476
-0.659476
-0.659476
-0.659476
0.045899
0.045899
0.045899
0.045899
-0.045899
-0.045899
-0.045899
-0.045899
0.045899
0.045899
0.045899
0.045899
-0.045899
-0.045899
-0.045899
-0.045899
0.750323
0.750323
0.750323
0.750323
-0.750323
-0.750323
-0.750323
-0.750323
0.750323
0.750323
0.750323
0.750323
-0.750323
-0.750323
-0.750323
-0.750323
0
0
0
1
0
0
-1
0
0.0674403
0.707107
0.707107
0.707107
-0.707107
0
-0.707107
0
0.0674403
0.997723
0.0674403
0.707107
-0.0674403
-0.997723
-0.707107
-0.707107
0.997723
0.0674403
0.997723
0.997723
-0.0674403
-0.0674403
-0.0674403
-0.997723
0
0
0
0
-0.997723
-0.997723
0
0
0
0.167868
0.167868
0.985809
-0.167868
0
-0.985809
-0.167868
0.985809
0.985809
0.167868
0.167868
-0.167868
-0.985809
-0.985809
-0.167868
0
0.985809
0
0
0
-0.985809
0
0
0.279356
0
0.279356
0.960188
-0.279356
0
-0.960188
-0.279356
0.960188
0.279356
0.279356
0.960188
-0.960188
-0.960188
-0.279356
-0.279356
0.960188
0
0
0
-0.960188
0
0
0
0
0.393526
0.919313
0.393526
0
-0.393526
-0.919313
-0.393526
0.393526
0.919313
0.919313
0.393526
-0.919313
-0.919313
-0.393526
-0.393526
0
0.919313
0
0
-0.919313
0
0
0
0
0
0.505263
0.862965
-0.862965
-0.505263
-0.862965
-0.505263
0.505263
0.862965
0.505263
0.505263
-0.862965
-0.505263
-0.505263
-0.862965
0
0
0.862965
0.862965
0
0
0
0
0.610791
0.791792
0
0
-0.791792
-0.610791
-0.610791
-0.791792
0.610791
0.610791
0.791792
0.610791
-0.791792
-0.610791
-0.610791
-0.791792
0.791792
0.791792
0
0
0
0
0
0
0
0
0.57735
0.57735
-0.57735
-0.57735
0.57735
0.57735
-0.57735
-0.57735
0.0229002
0.0229002
-0.0229002
-0.0229002
0.0229002
0.0229002
-0.0229002
-0.0229002
0.999475
0.999475
-0.999475
-0.999475
0.999475
0.999475
-0.999475
-0.999475
0.0229002
0.0229002
-0.0229002
-0.0229002
0.0229002
0.0229002
-0.0229002
-0.0229002
0.0577909
0.0577909
-0.0577909
-0.0577909
0.0577909
0.0577909
-0.0577909
-0.0577909
0.996655
0.996655
-0.996655
-0.996655
0.996655
0.996655
-0.996655
-0.996655
0.0577909
0.0577909
-0.0577909
-0.0577909
0.0577909
0.0577909
-0.0577909
-0.0577909
0.098631
0.098631
-0.098631
-0.098631
0.098631
0.098631
-0.098631
-0.098631
0.990224
0.990224
-0.990224
-0.990224
0.990224
0.990224
-0.990224
-0.990224
0.098631
0.098631
-0.098631
-0.098631
0.098631
0.098631
-0.098631
-0.098631
0.142816
0.142816
-0.142816
-0.142816
0.142816
0.142816
-0.142816
-0.142816
0.979391
0.979391
-0.979391
-0.979391
0.979391
0.979391
-0.979391
-0.979391
0.142816
0.142816
-0.142816
-0.142816
0.142816
0.142816
-0.142816
-0.142816
0.188898
0.188898
-0.188898
-0.188898
0.188898
0.188898
-0.188898
-0.188898
0.963657
0.963657
-0.963657
-0.963657
0.963657
0.963657
-0.963657
-0.963657
0.188898
0.188898
-0.188898
-0.188898
0.188898
0.188898
-0.188898
-0.188898
0.235909
0.235909
-0.235909
-0.235909
0.235909
0.235909
-0.235909
-0.235909
0.942706
0.942706
-0.942706
-0.942706
0.942706
0.942706
-0.942706
-0.942706
0.235909
0.235909
-0.235909
-0.235909
0.235909
0.235909
-0.235909
-0.235909
0.283123
0.283123
-0.283123
-0.283123
0.283123
0.283123
-0.283123
-0.283123
0.916342
0.916342
-0.916342
-0.916342
0.916342
0.916342
-0.916342
-0.916342
0.283123
0.283123
-0.283123
-0.283123
0.283123
0.283123
-0.283123
-0.283123
0.32995
0.32995
-0.32995
-0.32995
0.32995
0.32995
-0.32995
-0.32995
0.884458
0.884458
-0.884458
-0.884458
0.884458
0.884458
-0.884458
-0.884458
0.32995
0.32995
-0.32995
-0.32995
0.32995
0.32995
-0.32995
-0.32995
0.375884
0.375884
-0.375884
-0.375884
0.375884
0.375884
-0.375884
-0.375884
0.847008
0.847008
-0.847008
-0.847008
0.847008
0.847008
-0.847008
-0.847008
0.375884
0.375884
-0.375884
-0.375884
0.375884
0.375884
-0.375884
-0.375884
0.420475
0.420475
-0.420475
-0.420475
0.420475
0.420475
-0.420475
-0.420475
0.803991
0.803991
-0.803991
-0.803991
0.803991
0.803991
-0.803991
-0.803991
0.420475
0.420475
-0.420475
-0.420475
0.420475
0.420475
-0.420475
-0.420475
0.463307
0.463307
-0.463307
-0.463307
0.463307
0.463307
-0.463307
-0.463307
0.755443
0.755443
-0.755443
-0.755443
0.755443
0.755443
-0.755443
-0.755443
0.463307
0.463307
-0.463307
-0.463307
0.463307
0.463307
-0.463307
-0.463307
0.503985
0.503985
-0.503985
-0.503985
0.503985
0.503985
-0.503985
-0.503985
0.701426
0.701426
-0.701426
-0.701426
0.701426
0.701426
-0.701426
-0.701426
0.503985
0.503985
-0.503985
-0.503985
0.503985
0.503985
-0.503985
-0.503985
0.542127
0.542127
-0.542127
-0.542127
0.542127
0.542127
-0.542127
-0.542127
0.642026
0.642026
-0.642026
-0.642026
0.642026
0.642026
-0.642026
-0.642026
0.542127
0.542127
-0.542127
-0.542127
0.542127
0.542127
-0.542127
-0.542127
0.609266
0.609266
-0.609266
-0.609266
0.609266
0.609266
-0.609266
-0.609266
0.507533
0.507533
-0.507533
-0.507533
0.507533
0.507533
-0.507533
-0.507533
0.609266
0.609266
-0.609266
-0.609266
0.609266
0.609266
-0.609266
-0.609266
0.637465
0.637465
-0.637465
-0.637465
0.637465
0.637465
-0.637465
-0.637465
0.432754
0.432754
-0.432754
-0.432754
0.432754
0.432754
-0.432754
-0.432754
0.637465
0.637465
-0.637465
-0.637465
0.637465
0.637465
-0.637465
-0.637465
0.661514
0.661514
-0.661514
-0.661514
0.661514
0.661514
-0.661514
-0.661514
0.35327
0.35327
-0.35327
-0.35327
0.35327
0.35327
-0.35327
-0.35327
0.661514
0.661514
-0.661514
-0.661514
0.661514
0.661514
-0.661514
-0.661514
0.680949
0.680949
-0.680949
-0.680949
0.680949
0.680949
-0.680949
-0.680949
0.269477
0.269477
-0.269477
-0.269477
0.269477
0.269477
-0.269477
-0.269477
0.680949
0.680949
-0.680949
-0.680949
0.680949
0.680949
-0.680949
-0.680949
0.695298
0.695298
-0.695298
-0.695298
0.695298
0.695298
-0.695298
-0.695298
0.181993
0.181993
-0.181993
-0.181993
0.181993
0.181993
-0.181993
-0.181993
0.695298
0.695298
-0.695298
-0.695298
0.695298
0.695298
-0.695298
-0.695298
0.704125
0.704125
-0.704125
-0.704125
0.704125
0.704125
-0.704125
-0.704125
0.0917455
0.0917455
-0.0917455
-0.0917455
0.0917455
0.0917455
-0.0917455
-0.0917455
0.704125
0.704125
-0.704125
-0.704125
0.704125
0.704125
-0.704125
-0.704125
0.0333195
0.0333195
-0.0333195
-0.0333195
0.0333195
0.0333195
-0.0333195
-0.0333195
0.992978
0.992978
-0.992978
-0.992978
0.992978
0.992978
-0.992978
-0.992978
0.113508
0.113508
-0.113508
-0.113508
0.113508
0.113508
-0.113508
-0.113508
0.992978
0.992978
-0.992978
-0.992978
0.992978
0.992978
-0.992978
-0.992978
0.113508
0.113508
-0.113508
-0.113508
0.113508
0.113508
-0.113508
-0.113508
0.0333195
0.0333195
-0.0333195
-0.0333195
0.0333195
0.0333195
-0.0333195
-0.0333195
0.0724717
0.0724717
-0.0724717
-0.0724717
0.0724717
0.0724717
-0.0724717
-0.0724717
0.984243
0.984243
-0.984243
-0.984243
0.984243
0.984243
-0.984243
-0.984243
0.161287
0.161287
-0.161287
-0.161287
0.161287
0.161287
-0.161287
-0.161287
0.984243
0.984243
-0.984243
-0.984243
0.984243
0.984243
-0.984243
-0.984243
0.161287
0.161287
-0.161287
-0.161287
0.161287
0.161287
-0.161287
-0.161287
0.0724717
0.0724717
-0.0724717
-0.0724717
0.0724717
0.0724717
-0.0724717
-0.0724717
0.115154
0.115154
-0.115154
-0.115154
0.115154
0.115154
-0.115154
-0.115154
0.970879
0.970879
-0.970879
-0.970879
0.970879
0.970879
-0.970879
-0.970879
0.210079
0.210079
-0.210079
-0.210079
0.210079
0.210079
-0.210079
-0.210079
0.970879
0.970879
-0.970879
-0.970879
0.970879
0.970879
-0.970879
-0.970879
0.210079
0.210079
-0.210079
-0.210079
0.210079
0.210079
-0.210079
-0.210079
0.115154
0.115154
-0.115154
-0.115154
0.115154
0.115154
-0.115154
-0.115154
0.159949
0.159949
-0.159949
-0.159949
0.159949
0.159949
-0.159949
-0.159949
0.952479
0.952479
-0.952479
-0.952479
0.952479
0.952479
-0.952479
-0.952479
0.259228
0.259228
-0.259228
-0.259228
0.259228
0.259228
-0.259228
-0.259228
0.952479
0.952479
-0.952479
-0.952479
0.952479
0.952479
-0.952479
-0.952479
0.259228
0.259228
-0.259228
-0.259228
0.259228
0.259228
-0.259228
-0.259228
0.159949
0.159949
-0.159949
-0.159949
0.159949
0.159949
-0.159949
-0.159949
0.20587
0.20587
-0.20587
-0.20587
0.20587
0.20587
-0.20587
-0.20587
0.928788
0.928788
-0.928788
-0.928788
0.928788
0.928788
-0.928788
-0.928788
0.308174
0.308174
-0.308174
-0.308174
0.308174
0.308174
-0.308174
-0.308174
0.928788
0.928788
-0.928788
-0.928788
0.928788
0.928788
-0.928788
-0.928788
0.308174
0.308174
-0.308174
-0.308174
0.308174
0.308174
-0.308174
-0.308174
0.20587
0.20587
-0.20587
-0.20587
0.20587
0.20587
-0.20587
-0.20587
0.252162
0.252162
-0.252162
-0.252162
0.252162
0.252162
-0.252162
-0.252162
0.899651
0.899651
-0.899651
-0.899651
0.899651
0.899651
-0.899651
-0.899651
0.356429
0.356429
-0.356429
-0.356429
0.356429
0.356429
-0.356429
-0.356429
0.899651
0.899651
-0.899651
-0.899651
0.899651
0.899651
-0.899651
-0.899651
0.356429
0.356429
-0.356429
-0.356429
0.356429
0.356429
-0.356429
-0.356429
0.252162
0.252162
-0.252162
-0.252162
0.252162
0.252162
-0.252162
-0.252162
0.298209
0.298209
-0.298209
-0.298209
0.298209
0.298209
-0.298209
-0.298209
0.864992
0.864992
-0.864992
-0.864992
0.864992
0.864992
-0.864992
-0.864992
0.403559
0.403559
-0.403559
-0.403559
0.403559
0.403559
-0.403559
-0.403559
0.864992
0.864992
-0.864992
-0.864992
0.864992
0.864992
-0.864992
-0.864992
0.403559
0.403559
-0.403559
-0.403559
0.403559
0.403559
-0.403559
-0.403559
0.298209
0.298209
-0.298209
-0.298209
0.298209
0.298209
-0.298209
-0.298209
0.343476
0.343476
-0.343476
-0.343476
0.343476
0.343476
-0.343476
-0.343476
0.824787
0.824787
-0.824787
-0.824787
0.824787
0.824787
-0.824787
-0.824787
0.449167
0.449167
-0.449167
-0.449167
0.449167
0.449167
-0.449167
-0.449167
0.824787
0.824787
-0.824787
-0.824787
0.824787
0.824787
-0.824787
-0.824787
0.449167
0.449167
-0.449167
-0.449167
0.449167
0.449167
-0.449167
-0.449167
0.343476
0.343476
-0.343476
-0.343476
0.343476
0.343476
-0.343476
-0.343476
0.387483
0.387483
-0.387483
-0.387483
0.387483
0.387483
-0.387483
-0.387483
0.779051
0.779051
-0.779051
-0.779051
0.779051
0.779051
-0.779051
-0.779051
0.492885
0.492885
-0.492885
-0.492885
0.492885
0.492885
-0.492885
-0.492885
0.779051
0.779051
-0.779051
-0.779051
0.779051
0.779051
-0.779051
-0.779051
0.492885
0.492885
-0.492885
-0.492885
0.492885
0.492885
-0.492885
-0.492885
0.387483
0.387483
-0.387483
-0.387483
0.387483
0.387483
-0.387483
-0.387483
0.429781
0.429781
-0.429781
-0.429781
0.429781
0.429781
-0.429781
-0.429781
0.727834
0.727834
-0.727834
-0.727834
0.727834
0.727834
-0.727834
-0.727834
0.534365
0.534365
-0.534365
-0.534365
0.534365
0.534365
-0.534365
-0.534365
0.727834
0.727834
-0.727834
-0.727834
0.727834
0.727834
-0.727834
-0.727834
0.534365
0.534365
-0.534365
-0.534365
0.534365
0.534365
-0.534365
-0.534365
0.429781
0.429781
-0.429781
-0.429781
0.429781
0.429781
-0.429781
-0.429781
0.46994
0.46994
-0.46994
-0.46994
0.46994
0.46994
-0.46994
-0.46994
0.671208
0.671208
-0.671208
-0.671208
0.671208
0.671208
-0.671208
-0.671208
0.573268
0.573268
-0.573268
-0.573268
0.573268
0.573268
-0.573268
-0.573268
0.671208
0.671208
-0.671208
-0.671208
0.671208
0.671208
-0.671208
-0.671208
0.573268
0.573268
-0.573268
-0.573268
0.573268
0.573268
-0.573268
-0.573268
0.46994
0.46994
-0.46994
-0.46994
0.46994
0.46994
-0.46994
-0.46994
0.038736
0.038736
-0.038736
-0.038736
0.038736
0.038736
-0.038736
-0.038736
0.97441
0.97441
-0.97441
-0.97441
0.97441
0.97441
-0.97441
-0.97441
0.221413
0.221413
-0.221413
-0.221413
0.221413
0.221413
-0.221413
-0.221413
0.97441
0.97441
-0.97441
-0.97441
0.97441
0.97441
-0.97441
-0.97441
0.221413
0.221413
-0.221413
-0.221413
0.221413
0.221413
-0.221413
-0.221413
0.038736
0.038736
-0.038736
-0.038736
0.038736
0.038736
-0.038736
-0.038736
0.080895
0.080895
-0.080895
-0.080895
0.080895
0.080895
-0.080895
-0.080895
0.95827
0.95827
-0.95827
-0.95827
0.95827
0.95827
-0.95827
-0.95827
0.27418
0.27418
-0.27418
-0.27418
0.27418
0.27418
-0.27418
-0.27418
0.95827
0.95827
-0.95827
-0.95827
0.95827
0.95827
-0.95827
-0.95827
0.27418
0.27418
-0.27418
-0.27418
0.27418
0.27418
-0.27418
-0.27418
0.080895
0.080895
-0.080895
-0.080895
0.080895
0.080895
-0.080895
-0.080895
0.125173
0.125173
-0.125173
-0.125173
0.125173
0.125173
-0.125173
-0.125173
0.937053
0.937053
-0.937053
-0.937053
0.937053
0.937053
-0.937053
-0.937053
0.32598
0.32598
-0.32598
-0.32598
0.32598
0.32598
-0.32598
-0.32598
0.937053
0.937053
-0.937053
-0.937053
0.937053
0.937053
-0.937053
-0.937053
0.32598
0.32598
-0.32598
-0.32598
0.32598
0.32598
-0.32598
-0.32598
0.125173
0.125173
-0.125173
-0.125173
0.125173
0.125173
-0.125173
-0.125173
0.170626
0.170626
-0.170626
-0.170626
0.170626
0.170626
-0.170626
-0.170626
0.91055
0.91055
-0.91055
-0.91055
0.91055
0.91055
-0.91055
-0.91055
0.376544
0.376544
-0.376544
-0.376544
0.376544
0.376544
-0.376544
-0.376544
0.91055
0.91055
-0.91055
-0.91055
0.91055
0.91055
-0.91055
-0.91055
0.376544
0.376544
-0.376544
-0.376544
0.376544
0.376544
-0.376544
-0.376544
0.170626
0.170626
-0.170626
-0.170626
0.170626
0.170626
-0.170626
-0.170626
0.216512
0.216512
-0.216512
-0.216512
0.216512
0.216512
-0.216512
-0.216512
0.878639
0.878639
-0.878639
-0.878639
0.878639
0.878639
-0.878639
-0.878639
0.425577
0.425577
-0.425577
-0.425577
0.425577
0.425577
-0.425577
-0.425577
0.878639
0.878639
-0.878639
-0.878639
0.878639
0.878639
-0.878639
-0.878639
0.425577
0.425577
-0.425577
-0.425577
0.425577
0.425577
-0.425577
-0.425577
0.216512
0.216512
-0.216512
-0.216512
0.216512
0.216512
-0.216512
-0.216512
0.262209
0.262209
-0.262209
-0.262209
0.262209
0.262209
-0.262209
-0.262209
0.841265
0.841265
-0.841265
-0.841265
0.841265
0.841265
-0.841265
-0.841265
0.47278
0.47278
-0.47278
-0.47278
0.47278
0.47278
-0.47278
-0.47278
0.841265
0.841265
-0.841265
-0.841265
0.841265
0.841265
-0.841265
-0.841265
0.47278
0.47278
-0.47278
-0.47278
0.47278
0.47278
-0.47278
-0.47278
0.262209
0.262209
-0.262209
-0.262209
0.262209
0.262209
-0.262209
-0.262209
0.307172
0.307172
-0.307172
-0.307172
0.307172
0.307172
-0.307172
-0.307172
0.798418
0.798418
-0.798418
-0.798418
0.798418
0.798418
-0.798418
-0.798418
0.517855
0.517855
-0.517855
-0.517855
0.517855
0.517855
-0.517855
-0.517855
0.798418
0.798418
-0.798418
-0.798418
0.798418
0.798418
-0.798418
-0.798418
0.517855
0.517855
-0.517855
-0.517855
0.517855
0.517855
-0.517855
-0.517855
0.307172
0.307172
-0.307172
-0.307172
0.307172
0.307172
-0.307172
-0.307172
0.3509
0.3509
-0.3509
-0.3509
0.3509
0.3509
-0.3509
-0.3509
0.750129
0.750129
-0.750129
-0.750129
0.750129
0.750129
-0.750129
-0.750129
0.560514
0.560514
-0.560514
-0.560514
0.560514
0.560514
-0.560514
-0.560514
0.750129
0.750129
-0.750129
-0.750129
0.750129
0.750129
-0.750129
-0.750129
0.560514
0.560514
-0.560514
-0.560514
0.560514
0.560514
-0.560514
-0.560514
0.3509
0.3509
-0.3509
-0.3509
0.3509
0.3509
-0.3509
-0.3509
0.392916
0.392916
-0.392916
-0.392916
0.392916
0.392916
-0.392916
-0.392916
0.696452
0.696452
-0.696452
-0.696452
0.696452
0.696452
-0.696452
-0.696452
0.600476
0.600476
-0.600476
-0.600476
0.600476
0.600476
-0.600476
-0.600476
0.696452
0.696452
-0.696452
-0.696452
0.696452
0.696452
-0.696452
-0.696452
0.600476
0.600476
-0.600476
-0.600476
0.600476
0.600476
-0.600476
-0.600476
0.392916
0.392916
-0.392916
-0.392916
0.392916
0.392916
-0.392916
-0.392916
0.0420256
0.0420256
-0.0420256
-0.0420256
0.0420256
0.0420256
-0.0420256
-0.0420256
0.941179
0.941179
-0.941179
-0.941179
0.941179
0.941179
-0.941179
-0.941179
0.335284
0.335284
-0.335284
-0.335284
0.335284
0.335284
-0.335284
-0.335284
0.941179
0.941179
-0.941179
-0.941179
0.941179
0.941179
-0.941179
-0.941179
0.335284
0.335284
-0.335284
-0.335284
0.335284
0.335284
-0.335284
-0.335284
0.0420256
0.0420256
-0.0420256
-0.0420256
0.0420256
0.0420256
-0.0420256
-0.0420256
0.0861431
0.0861431
-0.0861431
-0.0861431
0.0861431
0.0861431
-0.0861431
-0.0861431
0.917118
0.917118
-0.917118
-0.917118
0.917118
0.917118
-0.917118
-0.917118
0.389197
0.389197
-0.389197
-0.389197
0.389197
0.389197
-0.389197
-0.389197
0.917118
0.917118
-0.917118
-0.917118
0.917118
0.917118
-0.917118
-0.917118
0.389197
0.389197
-0.389197
-0.389197
0.389197
0.389197
-0.389197
-0.389197
0.0861431
0.0861431
-0.0861431
-0.0861431
0.0861431
0.0861431
-0.0861431
-0.0861431
0.13145
0.13145
-0.13145
-0.13145
0.13145
0.13145
-0.13145
-0.13145
0.887835
0.887835
-0.887835
-0.887835
0.887835
0.887835
-0.887835
-0.887835
0.440988
0.440988
-0.440988
-0.440988
0.440988
0.440988
-0.440988
-0.440988
0.887835
0.887835
-0.887835
-0.887835
0.887835
0.887835
-0.887835
-0.887835
0.440988
0.440988
-0.440988
-0.440988
0.440988
0.440988
-0.440988
-0.440988
0.13145
0.13145
-0.13145
-0.13145
0.13145
0.13145
-0.13145
-0.13145
0.177219
0.177219
-0.177219
-0.177219
0.177219
0.177219
-0.177219
-0.177219
0.853237
0.853237
-0.853237
-0.853237
0.853237
0.853237
-0.853237
-0.853237
0.490489
0.490489
-0.490489
-0.490489
0.490489
0.490489
-0.490489
-0.490489
0.853237
0.853237
-0.853237
-0.853237
0.853237
0.853237
-0.853237
-0.853237
0.490489
0.490489
-0.490489
-0.490489
0.490489
0.490489
-0.490489
-0.490489
0.177219
0.177219
-0.177219
-0.177219
0.177219
0.177219
-0.177219
-0.177219
0.222828
0.222828
-0.222828
-0.222828
0.222828
0.222828
-0.222828
-0.222828
0.813287
0.813287
-0.813287
-0.813287
0.813287
0.813287
-0.813287
-0.813287
0.537506
0.537506
-0.537506
-0.537506
0.537506
0.537506
-0.537506
-0.537506
0.813287
0.813287
-0.813287
-0.813287
0.813287
0.813287
-0.813287
-0.813287
0.537506
0.537506
-0.537506
-0.537506
0.537506
0.537506
-0.537506
-0.537506
0.222828
0.222828
-0.222828
-0.222828
0.222828
0.222828
-0.222828
-0.222828
0.267718
0.267718
-0.267718
-0.267718
0.267718
0.267718
-0.267718
-0.267718
0.767988
0.767988
-0.767988
-0.767988
0.767988
0.767988
-0.767988
-0.767988
0.581826
0.581826
-0.581826
-0.581826
0.581826
0.581826
-0.581826
-0.581826
0.767988
0.767988
-0.767988
-0.767988
0.767988
0.767988
-0.767988
-0.767988
0.581826
0.581826
-0.581826
-0.581826
0.581826
0.581826
-0.581826
-0.581826
0.267718
0.267718
-0.267718
-0.267718
0.267718
0.267718
-0.267718
-0.267718
0.311368
0.311368
-0.311368
-0.311368
0.311368
0.311368
-0.311368
-0.311368
0.717377
0.717377
-0.717377
-0.717377
0.717377
0.717377
-0.717377
-0.717377
0.623233
0.623233
-0.623233
-0.623233
0.623233
0.623233
-0.623233
-0.623233
0.717377
0.717377
-0.717377
-0.717377
0.717377
0.717377
-0.717377
-0.717377
0.623233
0.623233
-0.623233
-0.623233
0.623233
0.623233
-0.623233
-0.623233
0.311368
0.311368
-0.311368
-0.311368
0.311368
0.311368
-0.311368
-0.311368
0.0440916
0.0440916
-0.0440916
-0.0440916
0.0440916
0.0440916
-0.0440916
-0.0440916
0.892469
0.892469
-0.892469
-0.892469
0.892469
0.892469
-0.892469
-0.892469
0.448949
0.448949
-0.448949
-0.448949
0.448949
0.448949
-0.448949
-0.448949
0.892469
0.892469
-0.892469
-0.892469
0.892469
0.892469
-0.892469
-0.892469
0.448949
0.448949
-0.448949
-0.448949
0.448949
0.448949
-0.448949
-0.448949
0.0440916
0.0440916
-0.0440916
-0.0440916
0.0440916
0.0440916
-0.0440916
-0.0440916
0.0893901
0.0893901
-0.0893901
-0.0893901
0.0893901
0.0893901
-0.0893901
-0.0893901
0.860519
0.860519
-0.860519
-0.860519
0.860519
0.860519
-0.860519
-0.860519
0.501514
0.501514
-0.501514
-0.501514
0.501514
0.501514
-0.501514
-0.501514
0.860519
0.860519
-0.860519
-0.860519
0.860519
0.860519
-0.860519
-0.860519
0.501514
0.501514
-0.501514
-0.501514
0.501514
0.501514
-0.501514
-0.501514
0.0893901
0.0893901
-0.0893901
-0.0893901
0.0893901
0.0893901
-0.0893901
-0.0893901
0.135181
0.135181
-0.135181
-0.135181
0.135181
0.135181
-0.135181
-0.135181
0.823397
0.823397
-0.823397
-0.823397
0.823397
0.823397
-0.823397
-0.823397
0.55113
0.55113
-0.55113
-0.55113
0.55113
0.55113
-0.55113
-0.55113
0.823397
0.823397
-0.823397
-0.823397
0.823397
0.823397
-0.823397
-0.823397
0.55113
0.55113
-0.55113
-0.55113
0.55113
0.55113
-0.55113
-0.55113
0.135181
0.135181
-0.135181
-0.135181
0.135181
0.135181
-0.135181
-0.135181
0.180837
0.180837
-0.180837
-0.180837
0.180837
0.180837
-0.180837
-0.180837
0.78108
0.78108
-0.78108
-0.78108
0.78108
0.78108
-0.78108
-0.78108
0.597672
0.597672
-0.597672
-0.597672
0.597672
0.597672
-0.597672
-0.597672
0.78108
0.78108
-0.78108
-0.78108
0.78108
0.78108
-0.78108
-0.78108
0.597672
0.597672
-0.597672
-0.597672
0.597672
0.597672
-0.597672
-0.597672
0.180837
0.180837
-0.180837
-0.180837
0.180837
0.180837
-0.180837
-0.180837
0.225785
0.225785
-0.225785
-0.225785
0.225785
0.225785
-0.225785
-0.225785
0.733584
0.733584
-0.733584
-0.733584
0.733584
0.733584
-0.733584
-0.733584
0.640996
0.640996
-0.640996
-0.640996
0.640996
0.640996
-0.640996
-0.640996
0.733584
0.733584
-0.733584
-0.733584
0.733584
0.733584
-0.733584
-0.733584
0.640996
0.640996
-0.640996
-0.640996
0.640996
0.640996
-0.640996
-0.640996
0.225785
0.225785
-0.225785
-0.225785
0.225785
0.225785
-0.225785
-0.225785
0.0453217
0.0453217
-0.0453217
-0.0453217
0.0453217
0.0453217
-0.0453217
-0.0453217
0.82852
0.82852
-0.82852
-0.82852
0.82852
0.82852
-0.82852
-0.82852
0.558122
0.558122
-0.558122
-0.558122
0.558122
0.558122
-0.558122
-0.558122
0.82852
0.82852
-0.82852
-0.82852
0.82852
0.82852
-0.82852
-0.82852
0.558122
0.558122
-0.558122
-0.558122
0.558122
0.558122
-0.558122
-0.558122
0.0453217
0.0453217
-0.0453217
-0.0453217
0.0453217
0.0453217
-0.0453217
-0.0453217
0.0911749
0.0911749
-0.0911749
-0.0911749
0.0911749
0.0911749
-0.0911749
-0.0911749
0.789092
0.789092
-0.789092
-0.789092
0.789092
0.789092
-0.789092
-0.789092
0.607471
0.607471
-0.607471
-0.607471
0.607471
0.607471
-0.607471
-0.607471
0.789092
0.789092
-0.789092
-0.789092
0.789092
0.789092
-0.789092
-0.789092
0.607471
0.607471
-0.607471
-0.607471
0.607471
0.607471
-0.607471
-0.607471
0.0911749
0.0911749
-0.0911749
-0.0911749
0.0911749
0.0911749
-0.0911749
-0.0911749
0.136929
0.136929
-0.136929
-0.136929
0.136929
0.136929
-0.136929
-0.136929
0.744677
0.744677
-0.744677
-0.744677
0.744677
0.744677
-0.744677
-0.744677
0.653227
0.653227
-0.653227
-0.653227
0.653227
0.653227
-0.653227
-0.653227
0.744677
0.744677
-0.744677
-0.744677
0.744677
0.744677
-0.744677
-0.744677
0.653227
0.653227
-0.653227
-0.653227
0.653227
0.653227
-0.653227
-0.653227
0.136929
0.136929
-0.136929
-0.136929
0.136929
0.136929
-0.136929
-0.136929
0.045899
0.045899
-0.045899
-0.045899
0.045899
0.045899
-0.045899
-0.045899
0.750323
0.750323
-0.750323
-0.750323
0.750323
0.750323
-0.750323
-0.750323
0.659476
0.659476
-0.659476
-0.659476
0.659476
0.659476
-0.659476
-0.659476
0.750323
0.750323
-0.750323
-0.750323
0.750323
0.750323
-0.750323
-0.750323
0.659476
0.659476
-0.659476
-0.659476
0.659476
0.659476
-0.659476
-0.659476
0.045899
0.045899
-0.045899
-0.045899
0.045899
0.045899
-0.045899
-0.045899
0.707107
0
-0.707107
0
0
1
0
-1
0.997723
0.707107
0
0
0.707107
0.707107
0
-0.707107
0
0.0674403
-0.997723
-0.707107
0.997723
0.0674403
-0.707107
0
0
0
-0.0674403
0
0
0
-0.997723
-0.0674403
0.0674403
0.0674403
-0.0674403
-0.997723
0
0
-0.997723
-0.0674403
0.997723
0.985809
-0.985809
-0.167868
0.985809
0.997723
-0.167868
-0.985809
0
0.167868
0
0
0
0.167868
0
0
0.985809
0
-0.167868
-0.167868
0.167868
0
-0.985809
-0.985809
0.960188
0.985809
-0.960188
-0.279356
0.960188
0.167868
-0.279356
-0.960188
0.279356
0
0
0
0.279356
0
0
0
0
0.960188
-0.960188
-0.279356
0
0.279356
-0.279356
-0.960188
0.960188
0.919313
-0.393526
-0.919313
0.279356
0.919313
-0.393526
-0.919313
0
0.393526
0
0
0.393526
0
0
0
0.393526
0
-0.919313
-0.393526
0
0.393526
-0.393526
-0.919313
0.919313
0.919313
-0.862965
-0.505263
0.505263
0.862965
-0.505263
-0.862965
0.862965
0.505263
0
0
0
0
0
0
0.505263
0.505263
0
0
0.862965
0.862965
-0.505263
-0.505263
0.791792
0.610791
-0.862965
-0.862965
0.610791
0.791792
-0.791792
-0.610791
0
0
-0.610791
-0.791792
0
0
0
0
0
0
-0.610791
-0.610791
0.610791
0.610791
-0.791792
-0.791792
0.791792
0.791792
0.57735
-0.57735
0.57735
-0.57735
0.57735
-0.57735
0.57735
-0.57735
0.999475
-0.999475
0.999475
-0.999475
0.999475
-0.999475
0.999475
-0.999475
0.0229002
-0.0229002
0.0229002
-0.0229002
0.0229002
-0.0229002
0.0229002
-0.0229002
0.0229002
-0.0229002
0.0229002
-0.0229002
0.0229002
-0.0229002
0.0229002
-0.0229002
0.996655
-0.996655
0.996655
-0.996655
0.996655
-0.996655
0.996655
-0.996655
0.0577909
-0.0577909
0.0577909
-0.0577909
0.0577909
-0.0577909
0.0577909
-0.0577909
0.0577909
-0.0577909
0.0577909
-0.0577909
0.0577909
-0.0577909
0.0577909
-0.0577909
0.990224
-0.990224
0.990224
-0.990224
0.990224
-0.990224
0.990224
-0.990224
0.098631
-0.098631
0.098631
-0.098631
0.098631
-0.098631
0.098631
-0.098631
0.098631
-0.098631
0.098631
-0.098631
0.098631
-0.098631
0.098631
-0.098631
0.979391
-0.979391
0.979391
-0.979391
0.979391
-0.979391
0.979391
-0.979391
0.142816
-0.142816
0.142816
-0.142816
0.142816
-0.142816
0.142816
-0.142816
0.142816
-0.142816
0.142816
-0.142816
0.142816
-0.142816
0.142816
-0.142816
0.963657
-0.963657
0.963657
-0.963657
0.963657
-0.963657
0.963657
-0.963657
0.188898
-0.188898
0.188898
-0.188898
0.188898
-0.188898
0.188898
-0.188898
0.188898
-0.188898
0.188898
-0.188898
0.188898
-0.188898
0.188898
-0.188898
0.942706
-0.942706
0.942706
-0.942706
0.942706
-0.942706
0.942706
-0.942706
0.235909
-0.235909
0.235909
-0.235909
0.235909
-0.235909
0.235909
-0.235909
0.235909
-0.235909
0.235909
-0.235909
0.235909
-0.235909
0.235909
-0.235909
0.916342
-0.916342
0.916342
-0.916342
0.916342
-0.916342
0.916342
-0.916342
0.283123
-0.283123
0.283123
-0.283123
0.283123
-0.283123
0.283123
-0.283123
0.283123
-0.283123
0.283123
-0.283123
0.283123
-0.283123
0.283123
-0.283123
0.884458
-0.884458
0.884458
-0.884458
0.884458
-0.884458
0.884458
-0.884458
0.32995
-0.32995
0.32995
-0.32995
0.32995
-0.32995
0.32995
-0.32995
0.32995
-0.32995
0.32995
-0.32995
0.32995
-0.32995
0.32995
-0.32995
0.847008
-0.847008
0.847008
-0.847008
0.847008
-0.847008
0.847008
-0.847008
0.375884
-0.375884
0.375884
-0.375884
0.375884
-0.375884
0.375884
-0.375884
0.375884
-0.375884
0.375884
-0.375884
0.375884
-0.375884
0.375884
-0.375884
0.803991
-0.803991
0.803991
-0.803991
0.803991
-0.803991
0.803991
-0.803991
0.420475
-0.420475
0.420475
-0.420475
0.420475
-0.420475
0.420475
-0.420475
0.420475
-0.420475
0.420475
-0.420475
0.420475
-0.420475
0.420475
-0.420475
0.755443
-0.755443
0.755443
-0.755443
0.755443
-0.755443
0.755443
-0.755443
0.463307
-0.463307
0.463307
-0.463307
0.463307
-0.463307
0.463307
-0.463307
0.463307
-0.463307
0.463307
-0.463307
0.463307
-0.463307
0.463307
-0.463307
0.701426
-0.701426
0.701426
-0.701426
0.701426
-0.701426
0.701426
-0.701426
0.503985
-0.503985
0.503985
-0.503985
0.503985
-0.503985
0.503985
-0.503985
0.503985
-0.503985
0.503985
-0.503985
0.503985
-0.503985
0.503985
-0.503985
0.642026
-0.642026
0.642026
-0.642026
0.642026
-0.642026
0.642026
-0.642026
0.542127
-0.542127
0.542127
-0.542127
0.542127
-0.542127
0.542127
-0.542127
0.542127
-0.542127
0.542127
-0.542127
0.542127
-0.542127
0.542127
-0.542127
0.507533
-0.507533
0.507533
-0.507533
0.507533
-0.507533
0.507533
-0.507533
0.609266
-0.609266
0.609266
-0.609266
0.609266
-0.609266
0.609266
-0.609266
0.609266
-0.609266
0.609266
-0.609266
0.609266
-0.609266
0.609266
-0.609266
0.432754
-0.432754
0.432754
-0.432754
0.432754
-0.432754
0.432754
-0.432754
0.637465
-0.637465
0.637465
-0.637465
0.637465
-0.637465
0.637465
-0.637465
0.637465
-0.637465
0.637465
-0.637465
0.637465
-0.637465
0.637465
-0.637465
0.35327
-0.35327
0.35327
-0.35327
0.35327
-0.35327
0.35327
-0.35327
0.661514
-0.661514
0.661514
-0.661514
0.661514
-0.661514
0.661514
-0.661514
0.661514
-0.661514
0.661514
-0.661514
0.661514
-0.661514
0.661514
-0.661514
0.269477
-0.269477
0.269477
-0.269477
0.269477
-0.269477
0.269477
-0.269477
0.680949
-0.680949
0.680949
-0.680949
0.680949
-0.680949
0.680949
-0.680949
0.680949
-0.680949
0.680949
-0.680949
0.680949
-0.680949
0.680949
-0.680949
0.181993
-0.181993
0.181993
-0.181993
0.181993
-0.181993
0.181993
-0.181993
0.695298
-0.695298
0.695298
-0.695298
0.695298
-0.695298
0.695298
-0.695298
0.695298
-0.695298
0.695298
-0.695298
0.695298
-0.695298
0.695298
-0.695298
0.0917455
-0.0917455
0.0917455
-0.0917455
0.0917455
-0.0917455
0.0917455
-0.0917455
0.704125
-0.704125
0.704125
-0.704125
0.704125
-0.704125
0.704125
-0.704125
0.704125
-0.704125
0.704125
-0.704125
0.704125
-0.704125
0.704125
-0.704125
0.992978
-0.992978
0.992978
-0.992978
0.992978
-0.992978
0.992978
-0.992978
0.0333195
-0.0333195
0.0333195
-0.0333195
0.0333195
-0.0333195
0.0333195
-0.0333195
0.992978
-0.992978
0.992978
-0.992978
0.992978
-0.992978
0.992978
-0.992978
0.113508
-0.113508
0.113508
-0.113508
0.113508
-0.113508
0.113508
-0.113508
0.0333195
-0.0333195
0.0333195
-0.0333195
0.0333195
-0.0333195
0.0333195
-0.0333195
0.113508
-0.113508
0.113508
-0.113508
0.113508
-0.113508
0.113508
-0.113508
0.984243
-0.984243
0.984243
-0.984243
0.984243
-0.984243
0.984243
-0.984243
0.0724717
-0.0724717
0.0724717
-0.0724717
0.0724717
-0.0724717
0.0724717
-0.0724717
0.984243
-0.984243
0.984243
-0.984243
0.984243
-0.984243
0.984243
-0.984243
0.161287
-0.161287
0.161287
-0.161287
0.161287
-0.161287
0.161287
-0.161287
0.0724717
-0.0724717
0.0724717
-0.0724717
0.0724717
-0.0724717
0.0724717
-0.0724717
0.161287
-0.161287
0.161287
-0.161287
0.161287
-0.161287
0.161287
-0.161287
0.970879
-0.970879
0.970879
-0.970879
0.970879
-0.970879
0.970879
-0.970879
0.115154
-0.115154
0.115154
-0.115154
0.115154
-0.115154
0.115154
-0.115154
0.970879
-0.970879
0.970879
-0.970879
0.970879
-0.970879
0.970879
-0.970879
0.210079
-0.210079
0.210079
-0.210079
0.210079
-0.210079
0.210079
-0.210079
0.115154
-0.115154
0.115154
-0.115154
0.115154
-0.115154
0.115154
-0.115154
0.210079
-0.210079
0.210079
-0.210079
0.210079
-0.210079
0.210079
-0.210079
0.952479
-0.952479
0.952479
-0.952479
0.952479
-0.952479
0.952479
-0.952479
0.159949
-0.159949
0.159949
-0.159949
0.159949
-0.159949
0.159949
-0.159949
0.952479
-0.952479
0.952479
-0.952479
0.952479
-0.952479
0.952479
-0.952479
0.259228
-0.259228
0.259228
-0.259228
0.259228
-0.259228
0.259228
-0.259228
0.159949
-0.159949
0.159949
-0.159949
0.159949
-0.159949
0.159949
-0.159949
0.259228
-0.259228
0.259228
-0.259228
0.259228
-0.259228
0.259228
-0.259228
0.928788
-0.928788
0.928788
-0.928788
0.928788
-0.928788
0.928788
-0.928788
0.20587
-0.20587
0.20587
-0.20587
0.20587
-0.20587
0.20587
-0.20587
0.928788
-0.928788
0.928788
-0.928788
0.928788
-0.928788
0.928788
-0.928788
0.308174
-0.308174
0.308174
-0.308174
0.308174
-0.308174
0.308174
-0.308174
0.20587
-0.20587
0.20587
-0.20587
0.20587
-0.20587
0.20587
-0.20587
0.308174
-0.308174
0.308174
-0.308174
0.308174
-0.308174
0.308174
-0.308174
0.899651
-0.899651
0.899651
-0.899651
0.899651
-0.899651
0.899651
-0.899651
0.252162
-0.252162
0.252162
-0.252162
0.252162
-0.252162
0.252162
-0.252162
0.899651
-0.899651
0.899651
-0.899651
0.899651
-0.899651
0.899651
-0.899651
0.356429
-0.356429
0.356429
-0.356429
0.356429
-0.356429
0.356429
-0.356429
0.252162
-0.252162
0.252162
-0.252162
0.252162
-0.252162
0.252162
-0.252162
0.356429
-0.356429
0.356429
-0.356429
0.356429
-0.356429
0.356429
-0.356429
0.864992
-0.864992
0.864992
-0.864992
0.864992
-0.864992
0.864992
-0.864992
0.298209
-0.298209
0.298209
-0.298209
0.298209
-0.298209
0.298209
-0.298209
0.864992
-0.864992
0.864992
-0.864992
0.864992
-0.864992
0.864992
-0.864992
0.403559
-0.403559
0.403559
-0.403559
0.403559
-0.403559
0.403559
-0.403559
0.298209
-0.298209
0.298209
-0.298209
0.298209
-0.298209
0.298209
-0.298209
0.403559
-0.403559
0.403559
-0.403559
0.403559
-0.403559
0.403559
-0.403559
0.824787
-0.824787
0.824787
-0.824787
0.824787
-0.824787
0.824787
-0.824787
0.343476
-0.343476
0.343476
-0.343476
0.343476
-0.343476
0.343476
-0.343476
0.824787
-0.824787
0.824787
-0.824787
0.824787
-0.824787
0.824787
-0.824787
0.449167
-0.449167
0.449167
-0.449167
0.449167
-0.449167
0.449167
-0.449167
0.343476
-0.343476
0.343476
-0.343476
0.343476
-0.343476
0.343476
-0.343476
0.449167
-0.449167
0.449167
-0.449167
0.449167
-0.449167
0.449167
-0.449167
0.779051
-0.779051
0.779051
-0.779051
0.779051
-0.779051
0.779051
-0.779051
0.387483
-0.387483
0.387483
-0.387483
0.387483
-0.387483
0.387483
-0.387483
0.779051
-0.779051
0.779051
-0.779051
0.779051
-0.779051
0.779051
-0.779051
0.492885
-0.492885
0.492885
-0.492885
0.492885
-0.492885
0.492885
-0.492885
0.387483
-0.387483
0.387483
-0.387483
0.387483
-0.387483
0.387483
-0.387483
0.492885
-0.492885
0.492885
-0.492885
0.492885
-0.492885
0.492885
-0.492885
0.727834
-0.727834
0.727834
-0.727834
0.727834
-0.727834
0.727834
-0.727834
0.429781
-0.429781
0.429781
-0.429781
0.429781
-0.429781
0.429781
-0.429781
0.727834
-0.727834
0.727834
-0.727834
0.727834
-0.727834
0.727834
-0.727834
0.534365
-0.534365
0.534365
-0.534365
0.534365
-0.534365
0.534365
-0.534365
0.429781
-0.429781
0.429781
-0.429781
0.429781
-0.429781
0.429781
-0.429781
0.534365
-0.534365
0.534365
-0.534365
0.534365
-0.534365
0.534365
-0.534365
0.671208
-0.671208
0.671208
-0.671208
0.671208
-0.671208
0.671208
-0.671208
0.46994
-0.46994
0.46994
-0.46994
0.46994
-0.46994
0.46994
-0.46994
0.671208
-0.671208
0.671208
-0.671208
0.671208
-0.671208
0.671208
-0.671208
0.573268
-0.573268
0.573268
-0.573268
0.573268
-0.573268
0.573268
-0.573268
0.46994
-0.46994
0.46994
-0.46994
0.46994
-0.46994
0.46994
-0.46994
0.573268
-0.573268
0.573268
-0.573268
0.573268
-0.573268
0.573268
-0.573268
0.97441
-0.97441
0.97441
-0.97441
0.97441
-0.97441
0.97441
-0.97441
0.038736
-0.038736
0.038736
-0.038736
0.038736
-0.038736
0.038736
-0.038736
0.97441
-0.97441
0.97441
-0.97441
0.97441
-0.97441
0.97441
-0.97441
0.221413
-0.221413
0.221413
-0.221413
0.221413
-0.221413
0.221413
-0.221413
0.038736
-0.038736
0.038736
-0.038736
0.038736
-0.038736
0.038736
-0.038736
0.221413
-0.221413
0.221413
-0.221413
0.221413
-0.221413
0.221413
-0.221413
0.95827
-0.95827
0.95827
-0.95827
0.95827
-0.95827
0.95827
-0.95827
0.080895
-0.080895
0.080895
-0.080895
0.080895
-0.080895
0.080895
-0.080895
0.95827
-0.95827
0.95827
-0.95827
0.95827
-0.95827
0.95827
-0.95827
0.27418
-0.27418
0.27418
-0.27418
0.27418
-0.27418
0.27418
-0.27418
0.080895
-0.080895
0.080895
-0.080895
0.080895
-0.080895
0.080895
-0.080895
0.27418
-0.27418
0.27418
-0.27418
0.27418
-0.27418
0.27418
-0.27418
0.937053
-0.937053
0.937053
-0.937053
0.937053
-0.937053
0.937053
-0.937053
0.125173
-0.125173
0.125173
-0.125173
0.125173
-0.125173
0.125173
-0.125173
0.937053
-0.937053
0.937053
-0.937053
0.937053
-0.937053
0.937053
-0.937053
0.32598
-0.32598
0.32598
-0.32598
0.32598
-0.32598
0.32598
-0.32598
0.125173
-0.125173
0.125173
-0.125173
0.125173
-0.125173
0.125173
-0.125173
0.32598
-0.32598
0.32598
-0.32598
0.32598
-0.32598
0.32598
-0.32598
0.91055
-0.91055
0.91055
-0.91055
0.91055
-0.91055
0.91055
-0.91055
0.170626
-0.170626
0.170626
-0.170626
0.170626
-0.170626
0.170626
-0.170626
0.91055
-0.91055
0.91055
-0.91055
0.91055
-0.91055
0.91055
-0.91055
0.376544
-0.376544
0.376544
-0.376544
0.376544
-0.376544
0.376544
-0.376544
0.170626
-0.170626
0.170626
-0.170626
0.170626
-0.170626
0.170626
-0.170626
0.376544
-0.376544
0.376544
-0.376544
0.376544
-0.376544
0.376544
-0.376544
0.878639
-0.878639
0.878639
-0.878639
0.878639
-0.878639
0.878639
-0.878639
0.216512
-0.216512
0.216512
-0.216512
0.216512
-0.216512
0.216512
-0.216512
0.878639
-0.878639
0.878639
-0.878639
0.878639
-0.878639
0.878639
-0.878639
0.425577
-0.425577
0.425577
-0.425577
0.425577
-0.425577
0.425577
-0.425577
0.216512
-0.216512
0.216512
-0.216512
0.216512
-0.216512
0.216512
-0.216512
0.425577
-0.425577
0.425577
-0.425577
0.425577
-0.425577
0.425577
-0.425577
0.841265
-0.841265
0.841265
-0.841265
0.841265
-0.841265
0.841265
-0.841265
0.262209
-0.262209
0.262209
-0.262209
0.262209
-0.262209
0.262209
-0.262209
0.841265
-0.841265
0.841265
-0.841265
0.841265
-0.841265
0.841265
-0.841265
0.47278
-0.47278
0.47278
-0.47278
0.47278
-0.47278
0.47278
-0.47278
0.262209
-0.262209
0.262209
-0.262209
0.262209
-0.262209
0.262209
-0.262209
0.47278
-0.47278
0.47278
-0.47278
0.47278
-0.47278
0.47278
-0.47278
0.798418
-0.798418
0.798418
-0.798418
0.798418
-0.798418
0.798418
-0.798418
0.307172
-0.307172
0.307172
-0.307172
0.307172
-0.307172
0.307172
-0.307172
0.798418
-0.798418
0.798418
-0.798418
0.798418
-0.798418
0.798418
-0.798418
0.517855
-0.517855
0.517855
-0.517855
0.517855
-0.517855
0.517855
-0.517855
0.307172
-0.307172
0.307172
-0.307172
0.307172
-0.307172
0.307172
-0.307172
0.517855
-0.517855
0.517855
-0.517855
0.517855
-0.517855
0.517855
-0.517855
0.750129
-0.750129
0.750129
-0.750129
0.750129
-0.750129
0.750129
-0.750129
0.3509
-0.3509
0.3509
-0.3509
0.3509
-0.3509
0.3509
-0.3509
0.750129
-0.750129
0.750129
-0.750129
0.750129
-0.750129
0.750129
-0.750129
0.560514
-0.560514
0.560514
-0.560514
0.560514
-0.560514
0.560514
-0.560514
0.3509
-0.3509
0.3509
-0.3509
0.3509
-0.3509
0.3509
-0.3509
0.560514
-0.560514
0.560514
-0.560514
0.560514
-0.560514
0.560514
-0.560514
0.696452
-0.696452
0.696452
-0.696452
0.696452
-0.696452
0.696452
-0.696452
0.392916
-0.392916
0.392916
-0.392916
0.392916
-0.392916
0.392916
-0.392916
0.696452
-0.696452
0.696452
-0.696452
0.696452
-0.696452
0.696452
-0.696452
0.600476
-0.600476
0.600476
-0.600476
0.600476
-0.600476
0.600476
-0.600476
0.392916
-0.392916
0.392916
-0.392916
0.392916
-0.392916
0.392916
-0.392916
0.600476
-0.600476
0.600476
-0.600476
0.600476
-0.600476
0.600476
-0.600476
0.941179
-0.941179
0.941179
-0.941179
0.941179
-0.941179
0.941179
-0.941179
0.0420256
-0.0420256
0.0420256
-0.0420256
0.0420256
-0.0420256
0.0420256
-0.0420256
0.941179
-0.941179
0.941179
-0.941179
0.941179
-0.941179
0.941179
-0.941179
0.335284
-0.335284
0.335284
-0.335284
0.335284
-0.335284
0.335284
-0.335284
0.0420256
-0.0420256
0.0420256
-0.0420256
0.0420256
-0.0420256
0.0420256
-0.0420256
0.335284
-0.335284
0.335284
-0.335284
0.335284
-0.335284
0.335284
-0.335284
0.917118
-0.917118
0.917118
-0.917118
0.917118
-0.917118
0.917118
-0.917118
0.0861431
-0.0861431
0.0861431
-0.0861431
0.0861431
-0.0861431
0.0861431
-0.0861431
0.917118
-0.917118
0.917118
-0.917118
0.917118
-0.917118
0.917118
-0.917118
0.389197
-0.389197
0.389197
-0.389197
0.389197
-0.389197
0.389197
-0.389197
0.0861431
-0.0861431
0.0861431
-0.0861431
0.0861431
-0.0861431
0.0861431
-0.0861431
0.389197
-0.389197
0.389197
-0.389197
0.389197
-0.389197
0.389197
-0.389197
0.887835
-0.887835
0.887835
-0.887835
0.887835
-0.887835
0.887835
-0.887835
0.13145
-0.13145
0.13145
-0.13145
0.13145
-0.13145
0.13145
-0.13145
0.887835
-0.887835
0.887835
-0.887835
0.887835
-0.887835
0.887835
-0.887835
0.440988
-0.440988
0.440988
-0.440988
0.440988
-0.440988
0.440988
-0.440988
0.13145
-0.13145
0.13145
-0.13145
0.13145
-0.13145
0.13145
-0.13145
0.440988
-0.440988
0.440988
-0.440988
0.440988
-0.440988
0.440988
-0.440988
0.853237
-0.853237
0.853237
-0.853237
0.853237
-0.853237
0.853237
-0.853237
0.177219
-0.177219
0.177219
-0.177219
0.177219
-0.177219
0.177219
-0.177219
0.853237
-0.853237
0.853237
-0.853237
0.853237
-0.853237
0.853237
-0.853237
0.490489
-0.490489
0.490489
-0.490489
0.490489
-0.490489
0.490489
-0.490489
0.177219
-0.177219
0.177219
-0.177219
0.177219
-0.177219
0.177219
-0.177219
0.490489
-0.490489
0.490489
-0.490489
0.490489
-0.490489
0.490489
-0.490489
0.813287
-0.813287
0.813287
-0.813287
0.813287
-0.813287
0.813287
-0.813287
0.222828
-0.222828
0.222828
-0.222828
0.222828
-0.222828
0.222828
-0.222828
0.813287
-0.813287
0.813287
-0.813287
0.813287
-0.813287
0.813287
-0.813287
0.537506
-0.537506
0.537506
-0.537506
0.537506
-0.537506
0.537506
-0.537506
0.222828
-0.222828
0.222828
-0.222828
0.222828
-0.222828
0.222828
-0.222828
0.537506
-0.537506
0.537506
-0.537506
0.537506
-0.537506
0.537506
-0.537506
0.767988
-0.767988
0.767988
-0.767988
0.767988
-0.767988
0.767988
-0.767988
0.267718
-0.267718
0.267718
-0.267718
0.267718
-0.267718
0.267718
-0.267718
0.767988
-0.767988
0.767988
-0.767988
0.767988
-0.767988
0.767988
-0.767988
0.581826
-0.581826
0.581826
-0.581826
0.581826
-0.581826
0.581826
-0.581826
0.267718
-0.267718
0.267718
-0.267718
0.267718
-0.267718
0.267718
-0.267718
0.581826
-0.581826
0.581826
-0.581826
0.581826
-0.581826
0.581826
-0.581826
0.717377
-0.717377
0.717377
-0.717377
0.717377
-0.717377
0.717377
-0.717377
0.311368
-0.311368
0.311368
-0.311368
0.311368
-0.311368
0.311368
-0.311368
0.717377
-0.717377
0.717377
-0.717377
0.717377
-0.717377
0.717377
-0.717377
0.623233
-0.623233
0.623233
-0.623233
0.623233
-0.623233
0.623233
-0.623233
0.311368
-0.311368
0.311368
-0.311368
0.311368
-0.311368
0.311368
-0.311368
0.623233
-0.623233
0.623233
-0.623233
0.623233
-0.623233
0.623233
-0.623233
0.892469
-0.892469
0.892469
-0.892469
0.892469
-0.892469
0.892469
-0.892469
0.0440916
-0.0440916
0.0440916
-0.0440916
0.0440916
-0.0440916
0.0440916
-0.0440916
0.892469
-0.892469
0.892469
-0.892469
0.892469
-0.892469
0.892469
-0.892469
0.448949
-0.448949
0.448949
-0.448949
0.448949
-0.448949
0.448949
-0.448949
0.0440916
-0.0440916
0.0440916
-0.0440916
0.0440916
-0.0440916
0.0440916
-0.0440916
0.448949
-0.448949
0.448949
-0.448949
0.448949
-0.448949
0.448949
-0.448949
0.860519
-0.860519
0.860519
-0.860519
0.860519
-0.860519
0.860519
-0.860519
0.0893901
-0.0893901
0.0893901
-0.0893901
0.0893901
-0.0893901
0.0893901
-0.0893901
0.860519
-0.860519
0.860519
-0.860519
0.860519
-0.860519
0.860519
-0.860519
0.501514
-0.501514
0.501514
-0.501514
0.501514
-0.501514
0.501514
-0.501514
0.0893901
-0.0893901
0.0893901
-0.0893901
0.0893901
-0.0893901
0.0893901
-0.0893901
0.501514
-0.501514
0.501514
-0.501514
0.501514
-0.501514
0.501514
-0.501514
0.823397
-0.823397
0.823397
-0.823397
0.823397
-0.823397
0.823397
-0.823397
0.135181
-0.135181
0.135181
-0.135181
0.135181
-0.135181
0.135181
-0.135181
0.823397
-0.823397
0.823397
-0.823397
0.823397
-0.823397
0.823397
-0.823397
0.55113
-0.55113
0.55113
-0.55113
0.55113
-0.55113
0.55113
-0.55113
0.135181
-0.135181
0.135181
-0.135181
0.135181
-0.135181
0.135181
-0.135181
0.55113
-0.55113
0.55113
-0.55113
0.55113
-0.55113
0.55113
-0.55113
0.78108
-0.78108
0.78108
-0.78108
0.78108
-0.78108
0.78108
-0.78108
0.180837
-0.180837
0.180837
-0.180837
0.180837
-0.180837
0.180837
-0.180837
0.78108
-0.78108
0.78108
-0.78108
0.78108
-0.78108
0.78108
-0.78108
0.597672
-0.597672
0.597672
-0.597672
0.597672
-0.597672
0.597672
-0.597672
0.180837
-0.180837
0.180837
-0.180837
0.180837
-0.180837
0.180837
-0.180837
0.597672
-0.597672
0.597672
-0.597672
0.597672
-0.597672
0.597672
-0.597672
0.733584
-0.733584
0.733584
-0.733584
0.733584
-0.733584
0.733584
-0.733584
0.225785
-0.225785
0.225785
-0.225785
0.225785
-0.225785
0.225785
-0.225785
0.733584
-0.733584
0.733584
-0.733584
0.733584
-0.733584
0.733584
-0.733584
0.640996
-0.640996
0.640996
-0.640996
0.640996
-0.640996
0.640996
-0.640996
0.225785
-0.225785
0.225785
-0.225785
0.225785
-0.225785
0.225785
-0.225785
0.640996
-0.640996
0.640996
-0.640996
0.640996
-0.640996
0.640996
-0.640996
0.82852
-0.82852
0.82852
-0.82852
0.82852
-0.82852
0.82852
-0.82852
0.0453217
-0.0453217
0.0453217
-0.0453217
0.0453217
-0.0453217
0.0453217
-0.0453217
0.82852
-0.82852
0.82852
-0.82852
0.82852
-0.82852
0.82852
-0.82852
0.558122
-0.558122
0.558122
-0.558122
0.558122
-0.558122
0.558122
-0.558122
0.0453217
-0.0453217
0.0453217
-0.0453217
0.0453217
-0.0453217
0.0453217
-0.0453217
0.558122
-0.558122
0.558122
-0.558122
0.558122
-0.558122
0.558122
-0.558122
0.789092
-0.789092
0.789092
-0.789092
0.789092
-0.789092
0.789092
-0.789092
0.0911749
-0.0911749
0.0911749
-0.0911749
0.0911749
-0.0911749
0.0911749
-0.0911749
0.789092
-0.789092
0.789092
-0.789092
0.789092
-0.789092
0.789092
-0.789092
0.607471
-0.607471
0.607471
-0.607471
0.607471
-0.607471
0.607471
-0.607471
0.0911749
-0.0911749
0.0911749
-0.0911749
0.0911749
-0.0911749
0.0911749
-0.0911749
0.607471
-0.607471
0.607471
-0.607471
0.607471
-0.607471
0.607471
-0.607471
0.744677
-0.744677
0.744677
-0.744677
0.744677
-0.744677
0.744677
-0.744677
0.136929
-0.136929
0.136929
-0.136929
0.136929
-0.136929
0.136929
-0.136929
0.744677
-0.744677
0.744677
-0.744677
0.744677
-0.744677
0.744677
-0.744677
0.653227
-0.653227
0.653227
-0.653227
0.653227
-0.653227
0.653227
-0.653227
0.136929
-0.136929
0.136929
-0.136929
0.136929
-0.136929
0.136929
-0.136929
0.653227
-0.653227
0.653227
-0.653227
0.653227
-0.653227
0.653227
-0.653227
0.750323
-0.750323
0.750323
-0.750323
0.750323
-0.750323
0.750323
-0.750323
0.045899
-0.045899
0.045899
-0.045899
0.045899
-0.045899
0.045899
-0.045899
0.750323
-0.750323
0.750323
-0.750323
0.750323
-0.750323
0.750323
-0.750323
0.659476
-0.659476
0.659476
-0.659476
0.659476
-0.659476
0.659476
-0.659476
0.045899
-0.045899
0.045899
-0.045899
0.045899
-0.045899
0.045899
-0.045899
0.659476
-0.659476
0.659476
-0.659476
0.659476
-0.659476
0.659476
-0.659476
0.707107
-1
0.707107
0
1
0
0
0
0
0
0.707107
-0.707107
0
-0.707107
0.707107
-0.707107
0.997723
0
0
0
0
0
0
-0.707107
0.0674403
-0.997723
0
-0.0674403
0.997723
-0.997723
0
0
0.997723
-0.997723
0.997723
-0.0674403
0.0674403
-0.0674403
0.0674403
-0.997723
0.0674403
0
0
0
0
-0.0674403
0
0
0.167868
0
0.985809
-0.985809
0.985809
0
0.167868
-0.985809
0.167868
-0.167868
0.985809
-0.985809
0.985809
-0.167868
0.167868
-0.167868
0
-0.167868
0
0
0
-0.985809
0
0
0
-0.960188
0.960188
-0.279356
0
-0.279356
0.960188
-0.960188
0.279356
-0.279356
0.279356
-0.960188
0.279356
-0.960188
0.960188
-0.279356
0.279356
0
0
0
0.960188
0
0
0
0.919313
0
0.393526
-0.919313
0
-0.393526
0.919313
-0.919313
0.919313
-0.393526
0.393526
-0.919313
0.393526
-0.919313
0.919313
-0.393526
0.393526
-0.393526
0
0
0
0
0
0
0
0
0.862965
-0.862965
0.505263
-0.862965
0.862965
-0.505263
0.862965
-0.862965
0.505263
-0.505263
0.505263
-0.505263
0.862965
-0.862965
0
0
0.505263
-0.505263
0
0
0
0
0.791792
-0.791792
0
0
0.610791
-0.791792
0.791792
-0.610791
0.610791
-0.610791
0.791792
-0.791792
0.791792
-0.791792
0.610791
-0.610791
0.610791
-0.610791
0.0058788
0.0058788
0.0058788
0.0058788
0.0058788
0.0058788
0.0058788
0.0058788
0.00180683
0.00180683
0.00180683
0.00180683
0.00180683
0.00180683
0.00180683
0.00180683
0.00180683
0.00180683
0.00180683
0.00180683
0.00180683
0.00180683
0.00180683
0.00180683
0.00180683
0.00180683
0.00180683
0.00180683
0.00180683
0.00180683
0.00180683
0.00180683
0.00289475
0.00289475
0.00289475
0.00289475
0.00289475
0.00289475
0.00289475
0.00289475
0.00289475
0.00289475
0.00289475
0.00289475
0.00289475
0.00289475
0.00289475
0.00289475
0.00289475
0.00289475
0.00289475
0.00289475
0.00289475
0.00289475
0.00289475
0.00289475
0.00368586
0.00368586
0.00368586
0.00368586
0.00368586
0.00368586
0.00368586
0.00368586
0.00368586
0.00368586
0.00368586
0.00368586
0.00368586
0.00368586
0.00368586
0.00368586
0.00368586
0.00368586
0.00368586
0.00368586
0.00368586
0.00368586
0.00368586
0.00368586
0.00427622
0.00427622
0.00427622
0.00427622
0.00427622
0.00427622
0.00427622
0.00427622
0.00427622
0.00427622
0.00427622
0.00427622
0.00427622
0.00427622
0.00427622
0.00427622
0.00427622
0.00427622
0.00427622
0.00427622
0.00427622
0.00427622
0.00427622
0.00427622
0.00472387
0.00472387
0.00472387
0.00472387
0.00472387
0.00472387
0.00472387
0.00472387
0.00472387
0.00472387
0.00472387
0.00472387
0.00472387
0.00472387
0.00472387
0.00472387
0.00472387
0.00472387
0.00472387
0.00472387
0.00472387
0.00472387
0.00472387
0.00472387
0.00506505
0.00506505
0.00506505
0.00506505
0.00506505
0.00506505
0.00506505
0.00506505
0.00506505
0.00506505
0.00506505
0.00506505
0.00506505
0.00506505
0.00506505
0.00506505
0.00506505
0.00506505
0.00506505
0.00506505
0.00506505
0.00506505
0.00506505
0.00506505
0.00532386
0.00532386
0.00532386
0.00532386
0.00532386
0.00532386
0.00532386
0.00532386
0.00532386
0.00532386
0.00532386
0.00532386
0.00532386
0.00532386
0.00532386
0.00532386
0.00532386
0.00532386
0.00532386
0.00532386
0.00532386
0.00532386
0.00532386
0.00532386
0.00551729
0.00551729
0.00551729
0.00551729
0.00551729
0.00551729
0.00551729
0.00551729
0.00551729
0.00551729
0.00551729
0.00551729
0.00551729
0.00551729
0.00551729
0.00551729
0.00551729
0.00551729
0.00551729
0.00551729
0.00551729
0.00551729
0.00551729
0.00551729
0.00565804
0.00565804
0.00565804
0.00565804
0.00565804
0.00565804
0.00565804
0.00565804
0.00565804
0.00565804
0.00565804
0.00565804
0.00565804
0.00565804
0.00565804
0.00565804
0.00565804
0.00565804
0.00565804
0.00565804
0.00565804
0.00565804
0.00565804
0.00565804
0.00575612
0.00575612
0.00575612
0.00575612
0.00575612
0.00575612
0.00575612
0.00575612
0.00575612
0.00575612
0.00575612
0.00575612
0.00575612
0.00575612
0.00575612
0.00575612
0.00575612
0.00575612
0.00575612
0.00575612
0.00575612
0.00575612
0.00575612
0.00575612
0.00581998
0.00581998
0.00581998
0.00581998
0.00581998
0.00581998
0.00581998
0.00581998
0.00581998
0.00581998
0.00581998
0.00581998
0.00581998
0.00581998
0.00581998
0.00581998
0.00581998
0.00581998
0.00581998
0.00581998
0.00581998
0.00581998
0.00581998
0.00581998
0.0058571
0.0058571
0.0058571
0.0058571
0.0058571
0.0058571
0.0058571
0.0058571
0.0058571
0.0058571
0.0058571
0.0058571
0.0058571
0.0058571
0.0058571
0.0058571
0.0058571
0.0058571
0.0058571
0.0058571
0.0058571
0.0058571
0.0058571
0.0058571
0.00587447
0.00587447
0.00587447
0.00587447
0.00587447
0.00587447
0.00587447
0.00587447
0.00587447
0.00587447
0.00587447
0.00587447
0.00587447
0.00587447
0.00587447
0.00587447
0.00587447
0.00587447
0.00587447
0.00587447
0.00587447
0.00587447
0.00587447
0.00587447
0.00587656
0.00587656
0.00587656
0.00587656
0.00587656
0.00587656
0.00587656
0.00587656
0.00587656
0.00587656
0.00587656
0.00587656
0.00587656
0.00587656
0.00587656
0.00587656
0.00587656
0.00587656
0.00587656
0.00587656
0.00587656
0.00587656
0.00587656
0.00587656
0.00587363
0.00587363
0.00587363
0.00587363
0.00587363
0.00587363
0.00587363
0.00587363
0.00587363
0.00587363
0.00587363
0.00587363
0.00587363
0.00587363
0.00587363
0.00587363
0.00587363
0.00587363
0.00587363
0.00587363
0.00587363
0.00587363
0.00587363
0.00587363
0.00587469
0.00587469
0.00587469
0.00587469
0.00587469
0.00587469
0.00587469
0.00587469
0.00587469
0.00587469
0.00587469
0.00587469
0.00587469
0.00587469
0.00587469
0.00587469
0.00587469
0.00587469
0.00587469
0.00587469
0.00587469
0.00587469
0.00587469
0.00587469
0.005882
0.005882
0.005882
0.005882
0.005882
0.005882
0.005882
0.005882
0.005882
0.005882
0.005882
0.005882
0.005882
0.005882
0.005882
0.005882
0.005882
0.005882
0.005882
0.005882
0.005882
0.005882
0.005882
0.005882
0.00589419
0.00589419
0.00589419
0.00589419
0.00589419
0.00589419
0.00589419
0.00589419
0.00589419
0.00589419
0.00589419
0.00589419
0.00589419
0.00589419
0.00589419
0.00589419
0.00589419
0.00589419
0.00589419
0.00589419
0.00589419
0.00589419
0.00589419
0.00589419
0.00590604
0.00590604
0.00590604
0.00590604
0.00590604
0.00590604
0.00590604
0.00590604
0.00590604
0.00590604
0.00590604
0.00590604
0.00590604
0.00590604
0.00590604
0.00590604
0.00590604
0.00590604
0.00590604
0.00590604
0.00590604
0.00590604
0.00590604
0.00590604
0.00343484
0.00343484
0.00343484
0.00343484
0.00343484
0.00343484
0.00343484
0.00343484
0.00343484
0.00343484
0.00343484
0.00343484
0.00343484
0.00343484
0.00343484
0.00343484
0.00343484
0.00343484
0.00343484
0.00343484
0.00343484
0.00343484
0.00343484
0.00343484
0.00343484
0.00343484
0.00343484
0.00343484
0.00343484
0.00343484
0.00343484
0.00343484
0.00343484
0.00343484
0.00343484
0.00343484
0.00343484
0.00343484
0.00343484
0.00343484
0.00343484
0.00343484
0.00343484
0.00343484
0.00343484
0.00343484
0.00343484
0.00343484
0.00406583
0.00406583
0.00406583
0.00406583
0.00406583
0.00406583
0.00406583
0.00406583
0.00406583
0.00406583
0.00406583
0.00406583
0.00406583
0.00406583
0.00406583
0.00406583
0.00406583
0.00406583
0.00406583
0.00406583
0.00406583
0.00406583
0.00406583
0.00406583
0.00406583
0.00406583
0.00406583
0.00406583
0.00406583
0.00406583
0.00406583
0.00406583
0.00406583
0.00406583
0.00406583
0.00406583
0.00406583
0.00406583
0.00406583
0.00406583
0.00406583
0.00406583
0.00406583
0.00406583
0.00406583
0.00406583
0.00406583
0.00406583
0.00455519
0.00455519
0.00455519
0.00455519
0.00455519
0.00455519
0.00455519
0.00455519
0.00455519
0.00455519
0.00455519
0.00455519
0.00455519
0.00455519
0.00455519
0.00455519
0.00455519
0.00455519
0.00455519
0.00455519
0.00455519
0.00455519
0.00455519
0.00455519
0.00455519
0.00455519
0.00455519
0.00455519
0.00455519
0.00455519
0.00455519
0.00455519
0.00455519
0.00455519
0.00455519
0.00455519
0.00455519
0.00455519
0.00455519
0.00455519
0.00455519
0.00455519
0.00455519
0.00455519
0.00455519
0.00455519
0.00455519
0.00455519
0.00493298
0.00493298
0.00493298
0.00493298
0.00493298
0.00493298
0.00493298
0.00493298
0.00493298
0.00493298
0.00493298
0.00493298
0.00493298
0.00493298
0.00493298
0.00493298
0.00493298
0.00493298
0.00493298
0.00493298
0.00493298
0.00493298
0.00493298
0.00493298
0.00493298
0.00493298
0.00493298
0.00493298
0.00493298
0.00493298
0.00493298
0.00493298
0.00493298
0.00493298
0.00493298
0.00493298
0.00493298
0.00493298
0.00493298
0.00493298
0.00493298
0.00493298
0.00493298
0.00493298
0.00493298
0.00493298
0.00493298
0.00493298
0.00522275
0.00522275
0.00522275
0.00522275
0.00522275
0.00522275
0.00522275
0.00522275
0.00522275
0.00522275
0.00522275
0.00522275
0.00522275
0.00522275
0.00522275
0.00522275
0.00522275
0.00522275
0.00522275
0.00522275
0.00522275
0.00522275
0.00522275
0.00522275
0.00522275
0.00522275
0.00522275
0.00522275
0.00522275
0.00522275
0.00522275
0.00522275
0.00522275
0.00522275
0.00522275
0.00522275
0.00522275
0.00522275
0.00522275
0.00522275
0.00522275
0.00522275
0.00522275
0.00522275
0.00522275
0.00522275
0.00522275
0.00522275
0.00544205
0.00544205
0.00544205
0.00544205
0.00544205
0.00544205
0.00544205
0.00544205
0.00544205
0.00544205
0.00544205
0.00544205
0.00544205
0.00544205
0.00544205
0.00544205
0.00544205
0.00544205
0.00544205
0.00544205
0.00544205
0.00544205
0.00544205
0.00544205
0.00544205
0.00544205
0.00544205
0.00544205
0.00544205
0.00544205
0.00544205
0.00544205
0.00544205
0.00544205
0.00544205
0.00544205
0.00544205
0.00544205
0.00544205
0.00544205
0.00544205
0.00544205
0.00544205
0.00544205
0.00544205
0.00544205
0.00544205
0.00544205
0.0056042
0.0056042
0.0056042
0.0056042
0.0056042
0.0056042
0.0056042
0.0056042
0.0056042
0.0056042
0.0056042
0.0056042
0.0056042
0.0056042
0.0056042
0.0056042
0.0056042
0.0056042
0.0056042
0.0056042
0.0056042
0.0056042
0.0056042
0.0056042
0.0056042
0.0056042
0.0056042
0.0056042
0.0056042
0.0056042
0.0056042
0.0056042
0.0056042
0.0056042
0.0056042
0.0056042
0.0056042
0.0056042
0.0056042
0.0056042
0.0056042
0.0056042
0.0056042
0.0056042
0.0056042
0.0056042
0.0056042
0.0056042
0.0057197
0.0057197
0.0057197
0.0057197
0.0057197
0.0057197
0.0057197
0.0057197
0.0057197
0.0057197
0.0057197
0.0057197
0.0057197
0.0057197
0.0057197
0.0057197
0.0057197
0.0057197
0.0057197
0.0057197
0.0057197
0.0057197
0.0057197
0.0057197
0.0057197
0.0057197
0.0057197
0.0057197
0.0057197
0.0057197
0.0057197
0.0057197
0.0057197
0.0057197
0.0057197
0.0057197
0.0057197
0.0057197
0.0057197
0.0057197
0.0057197
0.0057197
0.0057197
0.0057197
0.0057197
0.0057197
0.0057197
0.0057197
0.0057973
0.0057973
0.0057973
0.0057973
0.0057973
0.0057973
0.0057973
0.0057973
0.0057973
0.0057973
0.0057973
0.0057973
0.0057973
0.0057973
0.0057973
0.0057973
0.0057973
0.0057973
0.0057973
0.0057973
0.0057973
0.0057973
0.0057973
0.0057973
0.0057973
0.0057973
0.0057973
0.0057973
0.0057973
0.0057973
0.0057973
0.0057973
0.0057973
0.0057973
0.0057973
0.0057973
0.0057973
0.0057973
0.0057973
0.0057973
0.0057973
0.0057973
0.0057973
0.0057973
0.0057973
0.0057973
0.0057973
0.0057973
0.00584464
0.00584464
0.00584464
0.00584464
0.00584464
0.00584464
0.00584464
0.00584464
0.00584464
0.00584464
0.00584464
0.00584464
0.00584464
0.00584464
0.00584464
0.00584464
0.00584464
0.00584464
0.00584464
0.00584464
0.00584464
0.00584464
0.00584464
0.00584464
0.00584464
0.00584464
0.00584464
0.00584464
0.00584464
0.00584464
0.00584464
0.00584464
0.00584464
0.00584464
0.00584464
0.00584464
0.00584464
0.00584464
0.00584464
0.00584464
0.00584464
0.00584464
0.00584464
0.00584464
0.00584464
0.00584464
0.00584464
0.00584464
0.00586881
0.00586881
0.00586881
0.00586881
0.00586881
0.00586881
0.00586881
0.00586881
0.00586881
0.00586881
0.00586881
0.00586881
0.00586881
0.00586881
0.00586881
0.00586881
0.00586881
0.00586881
0.00586881
0.00586881
0.00586881
0.00586881
0.00586881
0.00586881
0.00586881
0.00586881
0.00586881
0.00586881
0.00586881
0.00586881
0.00586881
0.00586881
0.00586881
0.00586881
0.00586881
0.00586881
0.00586881
0.00586881
0.00586881
0.00586881
0.00586881
0.00586881
0.00586881
0.00586881
0.00586881
0.00586881
0.00586881
0.00586881
0.0044605
0.0044605
0.0044605
0.0044605
0.0044605
0.0044605
0.0044605
0.0044605
0.0044605
0.0044605
0.0044605
0.0044605
0.0044605
0.0044605
0.0044605
0.0044605
0.0044605
0.0044605
0.0044605
0.0044605
0.0044605
0.0044605
0.0044605
0.0044605
0.0044605
0.0044605
0.0044605
0.0044605
0.0044605
0.0044605
0.0044605
0.0044605
0.0044605
0.0044605
0.0044605
0.0044605
0.0044605
0.0044605
0.0044605
0.0044605
0.0044605
0.0044605
0.0044605
0.0044605
0.0044605
0.0044605
0.0044605
0.0044605
0.00484573
0.00484573
0.00484573
0.00484573
0.00484573
0.00484573
0.00484573
0.00484573
0.00484573
0.00484573
0.00484573
0.00484573
0.00484573
0.00484573
0.00484573
0.00484573
0.00484573
0.00484573
0.00484573
0.00484573
0.00484573
0.00484573
0.00484573
0.00484573
0.00484573
0.00484573
0.00484573
0.00484573
0.00484573
0.00484573
0.00484573
0.00484573
0.00484573
0.00484573
0.00484573
0.00484573
0.00484573
0.00484573
0.00484573
0.00484573
0.00484573
0.00484573
0.00484573
0.00484573
0.00484573
0.00484573
0.00484573
0.00484573
0.00515048
0.00515048
0.00515048
0.00515048
0.00515048
0.00515048
0.00515048
0.00515048
0.00515048
0.00515048
0.00515048
0.00515048
0.00515048
0.00515048
0.00515048
0.00515048
0.00515048
0.00515048
0.00515048
0.00515048
0.00515048
0.00515048
0.00515048
0.00515048
0.00515048
0.00515048
0.00515048
0.00515048
0.00515048
0.00515048
0.00515048
0.00515048
0.00515048
0.00515048
0.00515048
0.00515048
0.00515048
0.00515048
0.00515048
0.00515048
0.00515048
0.00515048
0.00515048
0.00515048
0.00515048
0.00515048
0.00515048
0.00515048
0.00538636
0.00538636
0.00538636
0.00538636
0.00538636
0.00538636
0.00538636
0.00538636
0.00538636
0.00538636
0.00538636
0.00538636
0.00538636
0.00538636
0.00538636
0.00538636
0.00538636
0.00538636
0.00538636
0.00538636
0.00538636
0.00538636
0.00538636
0.00538636
0.00538636
0.00538636
0.00538636
0.00538636
0.00538636
0.00538636
0.00538636
0.00538636
0.00538636
0.00538636
0.00538636
0.00538636
0.00538636
0.00538636
0.00538636
0.00538636
0.00538636
0.00538636
0.00538636
0.00538636
0.00538636
0.00538636
0.00538636
0.00538636
0.00556414
0.00556414
0.00556414
0.00556414
0.00556414
0.00556414
0.00556414
0.00556414
0.00556414
0.00556414
0.00556414
0.00556414
0.00556414
0.00556414
0.00556414
0.00556414
0.00556414
0.00556414
0.00556414
0.00556414
0.00556414
0.00556414
0.00556414
0.00556414
0.00556414
0.00556414
0.00556414
0.00556414
0.00556414
0.00556414
0.00556414
0.00556414
0.00556414
0.00556414
0.00556414
0.00556414
0.00556414
0.00556414
0.00556414
0.00556414
0.00556414
0.00556414
0.00556414
0.00556414
0.00556414
0.00556414
0.00556414
0.00556414
0.00569316
0.00569316
0.00569316
0.00569316
0.00569316
0.00569316
0.00569316
0.00569316
0.00569316
0.00569316
0.00569316
0.00569316
0.00569316
0.00569316
0.00569316
0.00569316
0.00569316
0.00569316
0.00569316
0.00569316
0.00569316
0.00569316
0.00569316
0.00569316
0.00569316
0.00569316
0.00569316
0.00569316
0.00569316
0.00569316
0.00569316
0.00569316
0.00569316
0.00569316
0.00569316
0.00569316
0.00569316
0.00569316
0.00569316
0.00569316
0.00569316
0.00569316
0.00569316
0.00569316
0.00569316
0.00569316
0.00569316
0.00569316
0.00578154
0.00578154
0.00578154
0.00578154
0.00578154
0.00578154
0.00578154
0.00578154
0.00578154
0.00578154
0.00578154
0.00578154
0.00578154
0.00578154
0.00578154
0.00578154
0.00578154
0.00578154
0.00578154
0.00578154
0.00578154
0.00578154
0.00578154
0.00578154
0.00578154
0.00578154
0.00578154
0.00578154
0.00578154
0.00578154
0.00578154
0.00578154
0.00578154
0.00578154
0.00578154
0.00578154
0.00578154
0.00578154
0.00578154
0.00578154
0.00578154
0.00578154
0.00578154
0.00578154
0.00578154
0.00578154
0.00578154
0.00578154
0.00583658
0.00583658
0.00583658
0.00583658
0.00583658
0.00583658
0.00583658
0.00583658
0.00583658
0.00583658
0.00583658
0.00583658
0.00583658
0.00583658
0.00583658
0.00583658
0.00583658
0.00583658
0.00583658
0.00583658
0.00583658
0.00583658
0.00583658
0.00583658
0.00583658
0.00583658
0.00583658
0.00583658
0.00583658
0.00583658
0.00583658
0.00583658
0.00583658
0.00583658
0.00583658
0.00583658
0.00583658
0.00583658
0.00583658
0.00583658
0.00583658
0.00583658
0.00583658
0.00583658
0.00583658
0.00583658
0.00583658
0.00583658
0.00586507
0.00586507
0.00586507
0.00586507
0.00586507
0.00586507
0.00586507
0.00586507
0.00586507
0.00586507
0.00586507
0.00586507
0.00586507
0.00586507
0.00586507
0.00586507
0.00586507
0.00586507
0.00586507
0.00586507
0.00586507
0.00586507
0.00586507
0.00586507
0.00586507
0.00586507
0.00586507
0.00586507
0.00586507
0.00586507
0.00586507
0.00586507
0.00586507
0.00586507
0.00586507
0.00586507
0.00586507
0.00586507
0.00586507
0.00586507
0.00586507
0.00586507
0.00586507
0.00586507
0.00586507
0.00586507
0.00586507
0.00586507
0.00511371
0.00511371
0.00511371
0.00511371
0.00511371
0.00511371
0.00511371
0.00511371
0.00511371
0.00511371
0.00511371
0.00511371
0.00511371
0.00511371
0.00511371
0.00511371
0.00511371
0.00511371
0.00511371
0.00511371
0.00511371
0.00511371
0.00511371
0.00511371
0.00511371
0.00511371
0.00511371
0.00511371
0.00511371
0.00511371
0.00511371
0.00511371
0.00511371
0.00511371
0.00511371
0.00511371
0.00511371
0.00511371
0.00511371
0.00511371
0.00511371
0.00511371
0.00511371
0.00511371
0.00511371
0.00511371
0.00511371
0.00511371
0.00535383
0.00535383
0.00535383
0.00535383
0.00535383
0.00535383
0.00535383
0.00535383
0.00535383
0.00535383
0.00535383
0.00535383
0.00535383
0.00535383
0.00535383
0.00535383
0.00535383
0.00535383
0.00535383
0.00535383
0.00535383
0.00535383
0.00535383
0.00535383
0.00535383
0.00535383
0.00535383
0.00535383
0.00535383
0.00535383
0.00535383
0.00535383
0.00535383
0.00535383
0.00535383
0.00535383
0.00535383
0.00535383
0.00535383
0.00535383
0.00535383
0.00535383
0.00535383
0.00535383
0.00535383
0.00535383
0.00535383
0.00535383
0.00554011
0.00554011
0.00554011
0.00554011
0.00554011
0.00554011
0.00554011
0.00554011
0.00554011
0.00554011
0.00554011
0.00554011
0.00554011
0.00554011
0.00554011
0.00554011
0.00554011
0.00554011
0.00554011
0.00554011
0.00554011
0.00554011
0.00554011
0.00554011
0.00554011
0.00554011
0.00554011
0.00554011
0.00554011
0.00554011
0.00554011
0.00554011
0.00554011
0.00554011
0.00554011
0.00554011
0.00554011
0.00554011
0.00554011
0.00554011
0.00554011
0.00554011
0.00554011
0.00554011
0.00554011
0.00554011
0.00554011
0.00554011
0.00567843
0.00567843
0.00567843
0.00567843
0.00567843
0.00567843
0.00567843
0.00567843
0.00567843
0.00567843
0.00567843
0.00567843
0.00567843
0.00567843
0.00567843
0.00567843
0.00567843
0.00567843
0.00567843
0.00567843
0.00567843
0.00567843
0.00567843
0.00567843
0.00567843
0.00567843
0.00567843
0.00567843
0.00567843
0.00567843
0.00567843
0.00567843
0.00567843
0.00567843
0.00567843
0.00567843
0.00567843
0.00567843
0.00567843
0.00567843
0.00567843
0.00567843
0.00567843
0.00567843
0.00567843
0.00567843
0.00567843
0.00567843
0.00577496
0.00577496
0.00577496
0.00577496
0.00577496
0.00577496
0.00577496
0.00577496
0.00577496
0.00577496
0.00577496
0.00577496
0.00577496
0.00577496
0.00577496
0.00577496
0.00577496
0.00577496
0.00577496
0.00577496
0.00577496
0.00577496
0.00577496
0.00577496
0.00577496
0.00577496
0.00577496
0.00577496
0.00577496
0.00577496
0.00577496
0.00577496
0.00577496
0.00577496
0.00577496
0.00577496
0.00577496
0.00577496
0.00577496
0.00577496
0.00577496
0.00577496
0.00577496
0.00577496
0.00577496
0.00577496
0.00577496
0.00577496
0.00583581
0.00583581
0.00583581
0.00583581
0.00583581
0.00583581
0.00583581
0.00583581
0.00583581
0.00583581
0.00583581
0.00583581
0.00583581
0.00583581
0.00583581
0.00583581
0.00583581
0.00583581
0.00583581
0.00583581
0.00583581
0.00583581
0.00583581
0.00583581
0.00583581
0.00583581
0.00583581
0.00583581
0.00583581
0.00583581
0.00583581
0.00583581
0.00583581
0.00583581
0.00583581
0.00583581
0.00583581
0.00583581
0.00583581
0.00583581
0.00583581
0.00583581
0.00583581
0.00583581
0.00583581
0.00583581
0.00583581
0.00583581
0.00586702
0.00586702
0.00586702
0.00586702
0.00586702
0.00586702
0.00586702
0.00586702
0.00586702
0.00586702
0.00586702
0.00586702
0.00586702
0.00586702
0.00586702
0.00586702
0.00586702
0.00586702
0.00586702
0.00586702
0.00586702
0.00586702
0.00586702
0.00586702
0.00586702
0.00586702
0.00586702
0.00586702
0.00586702
0.00586702
0.00586702
0.00586702
0.00586702
0.00586702
0.00586702
0.00586702
0.00586702
0.00586702
0.00586702
0.00586702
0.00586702
0.00586702
0.00586702
0.00586702
0.00586702
0.00586702
0.00586702
0.00586702
0.00552988
0.00552988
0.00552988
0.00552988
0.00552988
0.00552988
0.00552988
0.00552988
0.00552988
0.00552988
0.00552988
0.00552988
0.00552988
0.00552988
0.00552988
0.00552988
0.00552988
0.00552988
0.00552988
0.00552988
0.00552988
0.00552988
0.00552988
0.00552988
0.00552988
0.00552988
0.00552988
0.00552988
0.00552988
0.00552988
0.00552988
0.00552988
0.00552988
0.00552988
0.00552988
0.00552988
0.00552988
0.00552988
0.00552988
0.00552988
0.00552988
0.00552988
0.00552988
0.00552988
0.00552988
0.00552988
0.00552988
0.00552988
0.0056731
0.0056731
0.0056731
0.0056731
0.0056731
0.0056731
0.0056731
0.0056731
0.0056731
0.0056731
0.0056731
0.0056731
0.0056731
0.0056731
0.0056731
0.0056731
0.0056731
0.0056731
0.0056731
0.0056731
0.0056731
0.0056731
0.0056731
0.0056731
0.0056731
0.0056731
0.0056731
0.0056731
0.0056731
0.0056731
0.0056731
0.0056731
0.0056731
0.0056731
0.0056731
0.0056731
0.0056731
0.0056731
0.0056731
0.0056731
0.0056731
0.0056731
0.0056731
0.0056731
0.0056731
0.0056731
0.0056731
0.0056731
0.00577575
0.00577575
0.00577575
0.00577575
0.00577575
0.00577575
0.00577575
0.00577575
0.00577575
0.00577575
0.00577575
0.00577575
0.00577575
0.00577575
0.00577575
0.00577575
0.00577575
0.00577575
0.00577575
0.00577575
0.00577575
0.00577575
0.00577575
0.00577575
0.00577575
0.00577575
0.00577575
0.00577575
0.00577575
0.00577575
0.00577575
0.00577575
0.00577575
0.00577575
0.00577575
0.00577575
0.00577575
0.00577575
0.00577575
0.00577575
0.00577575
0.00577575
0.00577575
0.00577575
0.00577575
0.00577575
0.00577575
0.00577575
0.00584168
0.00584168
0.00584168
0.00584168
0.00584168
0.00584168
0.00584168
0.00584168
0.00584168
0.00584168
0.00584168
0.00584168
0.00584168
0.00584168
0.00584168
0.00584168
0.00584168
0.00584168
0.00584168
0.00584168
0.00584168
0.00584168
0.00584168
0.00584168
0.00584168
0.00584168
0.00584168
0.00584168
0.00584168
0.00584168
0.00584168
0.00584168
0.00584168
0.00584168
0.00584168
0.00584168
0.00584168
0.00584168
0.00584168
0.00584168
0.00584168
0.00584168
0.00584168
0.00584168
0.00584168
0.00584168
0.00584168
0.00584168
0.00587541
0.00587541
0.00587541
0.00587541
0.00587541
0.00587541
0.00587541
0.00587541
0.00587541
0.00587541
0.00587541
0.00587541
0.00587541
0.00587541
0.00587541
0.00587541
0.00587541
0.00587541
0.00587541
0.00587541
0.00587541
0.00587541
0.00587541
0.00587541
0.00587541
0.00587541
0.00587541
0.00587541
0.00587541
0.00587541
0.00587541
0.00587541
0.00587541
0.00587541
0.00587541
0.00587541
0.00587541
0.00587541
0.00587541
0.00587541
0.00587541
0.00587541
0.00587541
0.00587541
0.00587541
0.00587541
0.00587541
0.00587541
0.00577864
0.00577864
0.00577864
0.00577864
0.00577864
0.00577864
0.00577864
0.00577864
0.00577864
0.00577864
0.00577864
0.00577864
0.00577864
0.00577864
0.00577864
0.00577864
0.00577864
0.00577864
0.00577864
0.00577864
0.00577864
0.00577864
0.00577864
0.00577864
0.00577864
0.00577864
0.00577864
0.00577864
0.00577864
0.00577864
0.00577864
0.00577864
0.00577864
0.00577864
0.00577864
0.00577864
0.00577864
0.00577864
0.00577864
0.00577864
0.00577864
0.00577864
0.00577864
0.00577864
0.00577864
0.00577864
0.00577864
0.00577864
0.00584954
0.00584954
0.00584954
0.00584954
0.00584954
0.00584954
0.00584954
0.00584954
0.00584954
0.00584954
0.00584954
0.00584954
0.00584954
0.00584954
0.00584954
0.00584954
0.00584954
0.00584954
0.00584954
0.00584954
0.00584954
0.00584954
0.00584954
0.00584954
0.00584954
0.00584954
0.00584954
0.00584954
0.00584954
0.00584954
0.00584954
0.00584954
0.00584954
0.00584954
0.00584954
0.00584954
0.00584954
0.00584954
0.00584954
0.00584954
0.00584954
0.00584954
0.00584954
0.00584954
0.00584954
0.00584954
0.00584954
0.00584954
0.00588698
0.00588698
0.00588698
0.00588698
0.00588698
0.00588698
0.00588698
0.00588698
0.00588698
0.00588698
0.00588698
0.00588698
0.00588698
0.00588698
0.00588698
0.00588698
0.00588698
0.00588698
0.00588698
0.00588698
0.00588698
0.00588698
0.00588698
0.00588698
0.00588698
0.00588698
0.00588698
0.00588698
0.00588698
0.00588698
0.00588698
0.00588698
0.00588698
0.00588698
0.00588698
0.00588698
0.00588698
0.00588698
0.00588698
0.00588698
0.00588698
0.00588698
0.00588698
0.00588698
0.00588698
0.00588698
0.00588698
0.00588698
0.00589544
0.00589544
0.00589544
0.00589544
0.00589544
0.00589544
0.00589544
0.00589544
0.00589544
0.00589544
0.00589544
0.00589544
0.00589544
0.00589544
0.00589544
0.00589544
0.00589544
0.00589544
0.00589544
0.00589544
0.00589544
0.00589544
0.00589544
0.00589544
0.00589544
0.00589544
0.00589544
0.00589544
0.00589544
0.00589544
0.00589544
0.00589544
0.00589544
0.00589544
0.00589544
0.00589544
0.00589544
0.00589544
0.00589544
0.00589544
0.00589544
0.00589544
0.00589544
0.00589544
0.00589544
0.00589544
0.00589544
0.00589544
0.00591101
0.00049293
0.00591101
0.00049293
0.00049293
0.00049293
0.00049293
0.00049293
0.00263887
0.00591101
0.00591101
0.00591101
0.00591101
0.00591101
0.00591101
0.00591101
0.00263887
0.00263887
0.00263887
0.00591101
0.00263887
0.00263887
0.00591101
0.00591101
0.00263887
0.00263887
0.00263887
0.00263887
0.00263887
0.00263887
0.00263887
0.00263887
0.00263887
0.00263887
0.00263887
0.00263887
0.00263887
0.00263887
0.00263887
0.00263887
0.00263887
0.00398639
0.00398639
0.00398639
0.00398639
0.00263887
0.00398639
0.00398639
0.00398639
0.00398639
0.00398639
0.00398639
0.00398639
0.00398639
0.00398639
0.00398639
0.00398639
0.00398639
0.00398639
0.00398639
0.00398639
0.00398639
0.00398639
0.00398639
0.0048155
0.00398639
0.0048155
0.0048155
0.0048155
0.00398639
0.0048155
0.0048155
0.0048155
0.0048155
0.0048155
0.0048155
0.0048155
0.0048155
0.0048155
0.0048155
0.0048155
0.0048155
0.0048155
0.0048155
0.0048155
0.0048155
0.0048155
0.0048155
0.0048155
0.00534346
0.00534346
0.00534346
0.0048155
0.00534346
0.00534346
0.00534346
0.00534346
0.00534346
0.00534346
0.00534346
0.00534346
0.00534346
0.00534346
0.00534346
0.00534346
0.00534346
0.00534346
0.00534346
0.00534346
0.00534346
0.00534346
0.00534346
0.00534346
0.00534346
0.00567222
0.00567222
0.00567222
0.00567222
0.00567222
0.00567222
0.00567222
0.00567222
0.00567222
0.00567222
0.00567222
0.00567222
0.00567222
0.00567222
0.00567222
0.00567222
0.00567222
0.00567222
0.00567222
0.00567222
0.00567222
0.00567222
0.00585316
0.00585316
0.00567222
0.00567222
0.00585316
0.00585316
0.00585316
0.00585316
0.00585316
0.00585316
0.00585316
0.00585316
0.00585316
0.00585316
0.00585316
0.00585316
0.00585316
0.00585316
0.00585316
0.00585316
0.00585316
0.00585316
0.00585316
0.00585316
0.00585316
0.00585316
