302
0.57735
0.57735
0.57735
0.57735
-0.57735
-0.57735
-0.57735
-0.57735
0.351564
0.351564
0.351564
0.351564
-0.351564
-0.351564
-0.351564
-0.351564
0.351564
0.351564
0.351564
0.351564
-0.351564
-0.351564
-0.351564
-0.351564
0.867644
0.867644
0.867644
0.867644
-0.867644
-0.867644
-0.867644
-0.867644
0.656633
0.656633
0.656633
0.656633
-0.656633
-0.656633
-0.656633
-0.656633
0.656633
0.656633
0.656633
0.656633
-0.656633
-0.656633
-0.656633
-0.656633
0.371034
0.371034
0.371034
0.371034
-0.371034
-0.371034
-0.371034
-0.371034
0.472905
0.472905
0.472905
0.472905
-0.472905
-0.472905
-0.472905
-0.472905
0.472905
0.472905
0.472905
0.472905
-0.472905
-0.472905
-0.472905
-0.472905
0.743452
0.743452
0.743452
0.743452
-0.743452
-0.743452
-0.743452
-0.743452
0.0961831
0.0961831
0.0961831
0.0961831
-0.0961831
-0.0961831
-0.0961831
-0.0961831
0.0961831
0.0961831
0.0961831
0.0961831
-0.0961831
-0.0961831
-0.0961831
-0.0961831
0.990706
0.990706
0.990706
0.990706
-0.990706
-0.990706
-0.990706
-0.990706
0.221965
0.221965
0.221965
0.221965
-0.221965
-0.221965
-0.221965
-0.221965
0.221965
0.221965
0.221965
0.221965
-0.221965
-0.221965
-0.221965
-0.221965
0.949454
0.949454
0.949454
0.949454
-0.949454
-0.949454
-0.949454
-0.949454
0.701177
0.701177
0.701177
0.701177
-0.701177
-0.701177
-0.701177
-0.701177
0.701177
0.701177
0.701177
0.701177
-0.701177
-0.701177
-0.701177
-0.701177
0.129239
0.129239
0.129239
0.129239
-0.129239
-0.129239
-0.129239
-0.129239
0.251003
0.251003
0.251003
0.251003
-0.251003
-0.251003
-0.251003
-0.251003
0.251003
0.251003
0.251003
0.251003
-0.251003
-0.251003
-0.251003
-0.251003
0.800073
0.800073
0.800073
0.800073
-0.800073
-0.800073
-0.800073
-0.800073
0.800073
0.800073
0.800073
0.800073
-0.800073
-0.800073
-0.800073
-0.800073
0.544868
0.544868
0.544868
0.544868
-0.544868
-0.544868
-0.544868
-0.544868
0.544868
0.544868
0.544868
0.544868
-0.544868
-0.544868
-0.544868
-0.544868
0.123355
0.123355
0.123355
0.123355
-0.123355
-0.123355
-0.123355
-0.123355
0.123355
0.123355
0.123355
0.123355
-0.123355
-0.123355
-0.123355
-0.123355
0.412772
0.412772
0.412772
0.412772
-0.412772
-0.412772
-0.412772
-0.412772
0.412772
0.412772
0.412772
0.412772
-0.412772
-0.412772
-0.412772
-0.412772
0.902443
0.902443
0.902443
0.902443
-0.902443
-0.902443
-0.902443
-0.902443
0.902443
0.902443
0.902443
0.902443
-0.902443
-0.902443
-0.902443
-0.902443
0
0.264415
1
0
0
0
-0.264415
-1
0.964409
0.264415
0.264415
0.964409
-0.964409
-0.264415
-0.964409
-0.264415
0.264415
0
0.964409
0.964409
-0.264415
-0.964409
-0.964409
0
0
0.571896
0
0
0
0
0
-0.571896
0.571896
0.820326
0.820326
0.571896
-0.820326
-0.571896
-0.820326
-0.571896
0.820326
0.820326
0
0.571896
-0.571896
-0.820326
-0.820326
0
0
0
0
0
0
0
0.57735
0.57735
-0.57735
-0.57735
0.57735
0.57735
-0.57735
-0.57735
0.351564
0.351564
-0.351564
-0.351564
0.351564
0.351564
-0.351564
-0.351564
0.867644
0.867644
-0.867644
-0.867644
0.867644
0.867644
-0.867644
-0.867644
0.351564
0.351564
-0.351564
-0.351564
0.351564
0.351564
-0.351564
-0.351564
0.656633
0.656633
-0.656633
-0.656633
0.656633
0.656633
-0.656633
-0.656633
0.371034
0.371034
-0.371034
-0.371034
0.371034
0.371034
-0.371034
-0.371034
0.656633
0.656633
-0.656633
-0.656633
0.656633
0.656633
-0.656633
-0.656633
0.472905
0.472905
-0.472905
-0.472905
0.472905
0.472905
-0.472905
-0.472905
0.743452
0.743452
-0.743452
-0.743452
0.743452
0.743452
-0.743452
-0.743452
0.472905
0.472905
-0.472905
-0.472905
0.472905
0.472905
-0.472905
-0.472905
0.0961831
0.0961831
-0.0961831
-0.0961831
0.0961831
0.0961831
-0.0961831
-0.0961831
0.990706
0.990706
-0.990706
-0.990706
0.990706
0.990706
-0.990706
-0.990706
0.0961831
0.0961831
-0.0961831
-0.0961831
0.0961831
0.0961831
-0.0961831
-0.0961831
0.221965
0.221965
-0.221965
-0.221965
0.221965
0.221965
-0.221965
-0.221965
0.949454
0.949454
-0.949454
-0.949454
0.949454
0.949454
-0.949454
-0.949454
0.221965
0.221965
-0.221965
-0.221965
0.221965
0.221965
-0.221965
-0.221965
0.701177
0.701177
-0.701177
-0.701177
0.701177
0.701177
-0.701177
-0.701177
0.129239
0.129239
-0.129239
-0.129239
0.129239
0.129239
-0.129239
-0.129239
0.701177
0.701177
-0.701177
-0.701177
0.701177
0.701177
-0.701177
-0.701177
0.800073
0.800073
-0.800073
-0.800073
0.800073
0.800073
-0.800073
-0.800073
0.544868
0.544868
-0.544868
-0.544868
0.544868
0.544868
-0.544868
-0.544868
0.251003
0.251003
-0.251003
-0.251003
0.251003
0.251003
-0.251003
-0.251003
0.544868
0.544868
-0.544868
-0.544868
0.544868
0.544868
-0.544868
-0.544868
0.251003
0.251003
-0.251003
-0.251003
0.251003
0.251003
-0.251003
-0.251003
0.800073
0.800073
-0.800073
-0.800073
0.800073
0.800073
-0.800073
-0.800073
0.412772
0.412772
-0.412772
-0.412772
0.412772
0.412772
-0.412772
-0.412772
0.902443
0.902443
-0.902443
-0.902443
0.902443
0.902443
-0.902443
-0.902443
0.123355
0.123355
-0.123355
-0.123355
0.123355
0.123355
-0.123355
-0.123355
0.902443
0.902443
-0.902443
-0.902443
0.902443
0.902443
-0.902443
-0.902443
0.123355
0.123355
-0.123355
-0.123355
0.123355
0.123355
-0.123355
-0.123355
0.412772
0.412772
-0.412772
-0.412772
0.412772
0.412772
-0.412772
-0.412772
0
0.964409
0
-1
1
0
-0.964409
0
0.264415
0
-0.964409
-0.264415
0.264415
0.964409
-0.264415
0
0
0.264415
0
0
0
0
0
-0.264415
0.264415
0.820326
-0.264415
-0.964409
0.964409
0.964409
-0.964409
-0.820326
0
0.571896
-0.571896
-0.820326
0.571896
0.820326
-0.571896
0
0
0
-0.571896
0
0
0
0
-0.571896
0.571896
0.820326
-0.820326
-0.820326
0.820326
0.571896
0.57735
-0.57735
0.57735
-0.57735
0.57735
-0.57735
0.57735
-0.57735
0.867644
-0.867644
0.867644
-0.867644
0.867644
-0.867644
0.867644
-0.867644
0.351564
-0.351564
0.351564
-0.351564
0.351564
-0.351564
0.351564
-0.351564
0.351564
-0.351564
0.351564
-0.351564
0.351564
-0.351564
0.351564
-0.351564
0.371034
-0.371034
0.371034
-0.371034
0.371034
-0.371034
0.371034
-0.371034
0.656633
-0.656633
0.656633
-0.656633
0.656633
-0.656633
0.656633
-0.656633
0.656633
-0.656633
0.656633
-0.656633
0.656633
-0.656633
0.656633
-0.656633
0.743452
-0.743452
0.743452
-0.743452
0.743452
-0.743452
0.743452
-0.743452
0.472905
-0.472905
0.472905
-0.472905
0.472905
-0.472905
0.472905
-0.472905
0.472905
-0.472905
0.472905
-0.472905
0.472905
-0.472905
0.472905
-0.472905
0.990706
-0.990706
0.990706
-0.990706
0.990706
-0.990706
0.990706
-0.990706
0.0961831
-0.0961831
0.0961831
-0.0961831
0.0961831
-0.0961831
0.0961831
-0.0961831
0.0961831
-0.0961831
0.0961831
-0.0961831
0.0961831
-0.0961831
0.0961831
-0.0961831
0.949454
-0.949454
0.949454
-0.949454
0.949454
-0.949454
0.949454
-0.949454
0.221965
-0.221965
0.221965
-0.221965
0.221965
-0.221965
0.221965
-0.221965
0.221965
-0.221965
0.221965
-0.221965
0.221965
-0.221965
0.221965
-0.221965
0.129239
-0.129239
0.129239
-0.129239
0.129239
-0.129239
0.129239
-0.129239
0.701177
-0.701177
0.701177
-0.701177
0.701177
-0.701177
0.701177
-0.701177
0.701177
-0.701177
0.701177
-0.701177
0.701177
-0.701177
0.701177
-0.701177
0.544868
-0.544868
0.544868
-0.544868
0.544868
-0.544868
0.544868
-0.544868
0.800073
-0.800073
0.800073
-0.800073
0.800073
-0.800073
0.800073
-0.800073
0.544868
-0.544868
0.544868
-0.544868
0.544868
-0.544868
0.544868
-0.544868
0.251003
-0.251003
0.251003
-0.251003
0.251003
-0.251003
0.251003
-0.251003
0.800073
-0.800073
0.800073
-0.800073
0.800073
-0.800073
0.800073
-0.800073
0.251003
-0.251003
0.251003
-0.251003
0.251003
-0.251003
0.251003
-0.251003
0.902443
-0.902443
0.902443
-0.902443
0.902443
-0.902443
0.902443
-0.902443
0.412772
-0.412772
0.412772
-0.412772
0.412772
-0.412772
0.412772
-0.412772
0.902443
-0.902443
0.902443
-0.902443
0.902443
-0.902443
0.902443
-0.902443
0.123355
-0.123355
0.123355
-0.123355
0.123355
-0.123355
0.123355
-0.123355
0.412772
-0.412772
0.412772
-0.412772
0.412772
-0.412772
0.412772
-0.412772
0.123355
-0.123355
0.123355
-0.123355
0.123355
-0.123355
0.123355
-0.123355
1
0
0
0
0
-1
0
0
0
-0.964409
0
0
0
0
0
-0.964409
0.964409
-0.964409
0.264415
-0.264415
0.964409
-0.264415
0.264415
-0.964409
0.964409
0
0.964409
-0.264415
0.264415
-0.264415
0.264415
0
0.820326
0
0
0
0
0
0
-0.820326
0.571896
-0.571896
0.820326
-0.820326
0.820326
-0.571896
0.571896
-0.820326
0.820326
-0.571896
0.571896
-0.571896
0.571896
-0.820326
0.0452279
0.0452279
0.0452279
0.0452279
0.0452279
0.0452279
0.0452279
0.0452279
0.0433513
0.0433513
0.0433513
0.0433513
0.0433513
0.0433513
0.0433513
0.0433513
0.0433513
0.0433513
0.0433513
0.0433513
0.0433513
0.0433513
0.0433513
0.0433513
0.0433513
0.0433513
0.0433513
0.0433513
0.0433513
0.0433513
0.0433513
0.0433513
0.0452995
0.0452995
0.0452995
0.0452995
0.0452995
0.0452995
0.0452995
0.0452995
0.0452995
0.0452995
0.0452995
0.0452995
0.0452995
0.0452995
0.0452995
0.0452995
0.0452995
0.0452995
0.0452995
0.0452995
0.0452995
0.0452995
0.0452995
0.0452995
0.0449465
0.0449465
0.0449465
0.0449465
0.0449465
0.0449465
0.0449465
0.0449465
0.0449465
0.0449465
0.0449465
0.0449465
0.0449465
0.0449465
0.0449465
0.0449465
0.0449465
0.0449465
0.0449465
0.0449465
0.0449465
0.0449465
0.0449465
0.0449465
0.0295574
0.0295574
0.0295574
0.0295574
0.0295574
0.0295574
0.0295574
0.0295574
0.0295574
0.0295574
0.0295574
0.0295574
0.0295574
0.0295574
0.0295574
0.0295574
0.0295574
0.0295574
0.0295574
0.0295574
0.0295574
0.0295574
0.0295574
0.0295574
0.0390683
0.0390683
0.0390683
0.0390683
0.0390683
0.0390683
0.0390683
0.0390683
0.0390683
0.0390683
0.0390683
0.0390683
0.0390683
0.0390683
0.0390683
0.0390683
0.0390683
0.0390683
0.0390683
0.0390683
0.0390683
0.0390683
0.0390683
0.0390683
0.0458678
0.0458678
0.0458678
0.0458678
0.0458678
0.0458678
0.0458678
0.0458678
0.0458678
0.0458678
0.0458678
0.0458678
0.0458678
0.0458678
0.0458678
0.0458678
0.0458678
0.0458678
0.0458678
0.0458678
0.0458678
0.0458678
0.0458678
0.0458678
0.0448813
0.0448813
0.0448813
0.0448813
0.0448813
0.0448813
0.0448813
0.0448813
0.0448813
0.0448813
0.0448813
0.0448813
0.0448813
0.0448813
0.0448813
0.0448813
0.0448813
0.0448813
0.0448813
0.0448813
0.0448813
0.0448813
0.0448813
0.0448813
0.0448813
0.0448813
0.0448813
0.0448813
0.0448813
0.0448813
0.0448813
0.0448813
0.0448813
0.0448813
0.0448813
0.0448813
0.0448813
0.0448813
0.0448813
0.0448813
0.0448813
0.0448813
0.0448813
0.0448813
0.0448813
0.0448813
0.0448813
0.0448813
0.0426291
0.0426291
0.0426291
0.0426291
0.0426291
0.0426291
0.0426291
0.0426291
0.0426291
0.0426291
0.0426291
0.0426291
0.0426291
0.0426291
0.0426291
0.0426291
0.0426291
0.0426291
0.0426291
0.0426291
0.0426291
0.0426291
0.0426291
0.0426291
0.0426291
0.0426291
0.0426291
0.0426291
0.0426291
0.0426291
0.0426291
0.0426291
0.0426291
0.0426291
0.0426291
0.0426291
0.0426291
0.0426291
0.0426291
0.0426291
0.0426291
0.0426291
0.0426291
0.0426291
0.0426291
0.0426291
0.0426291
0.0426291
0.0107391
0.0374773
0.0107391
0.0107391
0.0107391
0.0107391
0.0374773
0.0107391
0.0374773
0.0374773
0.0374773
0.0374773
0.0374773
0.0374773
0.0374773
0.0374773
0.0374773
0.0374773
0.0374773
0.0374773
0.0374773
0.0374773
0.0374773
0.0374773
0.0374773
0.0452493
0.0374773
0.0374773
0.0374773
0.0374773
0.0374773
0.0452493
0.0452493
0.0452493
0.0452493
0.0452493
0.0452493
0.0452493
0.0452493
0.0452493
0.0452493
0.0452493
0.0452493
0.0452493
0.0452493
0.0452493
0.0452493
0.0452493
0.0452493
0.0452493
0.0452493
0.0452493
0.0452493
0.0452493
