350
0.57735
0.57735
0.57735
0.57735
-0.57735
-0.57735
-0.57735
-0.57735
0.706897
0.706897
0.706897
0.706897
-0.706897
-0.706897
-0.706897
-0.706897
0.706897
0.706897
0.706897
0.706897
-0.706897
-0.706897
-0.706897
-0.706897
0.0243833
0.0243833
0.0243833
0.0243833
-0.0243833
-0.0243833
-0.0243833
-0.0243833
0.479468
0.479468
0.479468
0.479468
-0.479468
-0.479468
-0.479468
-0.479468
0.479468
0.479468
0.479468
0.479468
-0.479468
-0.479468
-0.479468
-0.479468
0.734997
0.734997
0.734997
0.734997
-0.734997
-0.734997
-0.734997
-0.734997
0.192753
0.192753
0.192753
0.192753
-0.192753
-0.192753
-0.192753
-0.192753
0.192753
0.192753
0.192753
0.192753
-0.192753
-0.192753
-0.192753
-0.192753
0.962129
0.962129
0.962129
0.962129
-0.962129
-0.962129
-0.962129
-0.962129
0.693036
0.693036
0.693036
0.693036
-0.693036
-0.693036
-0.693036
-0.693036
0.693036
0.693036
0.693036
0.693036
-0.693036
-0.693036
-0.693036
-0.693036
0.198501
0.198501
0.198501
0.198501
-0.198501
-0.198501
-0.198501
-0.198501
0.36083
0.36083
0.36083
0.36083
-0.36083
-0.36083
-0.36083
-0.36083
0.36083
0.36083
0.36083
0.36083
-0.36083
-0.36083
-0.36083
-0.36083
0.860002
0.860002
0.860002
0.860002
-0.860002
-0.860002
-0.860002
-0.860002
0.649849
0.649849
0.649849
0.649849
-0.649849
-0.649849
-0.649849
-0.649849
0.649849
0.649849
0.649849
0.649849
-0.649849
-0.649849
-0.649849
-0.649849
0.3942
0.3942
0.3942
0.3942
-0.3942
-0.3942
-0.3942
-0.3942
0.289956
0.289956
0.289956
0.289956
-0.289956
-0.289956
-0.289956
-0.289956
0.289956
0.289956
0.289956
0.289956
-0.289956
-0.289956
-0.289956
-0.289956
0.793454
0.793454
0.793454
0.793454
-0.793454
-0.793454
-0.793454
-0.793454
0.793454
0.793454
0.793454
0.793454
-0.793454
-0.793454
-0.793454
-0.793454
0.535123
0.535123
0.535123
0.535123
-0.535123
-0.535123
-0.535123
-0.535123
0.535123
0.535123
0.535123
0.535123
-0.535123
-0.535123
-0.535123
-0.535123
0.0968412
0.0968412
0.0968412
0.0968412
-0.0968412
-0.0968412
-0.0968412
-0.0968412
0.0968412
0.0968412
0.0968412
0.0968412
-0.0968412
-0.0968412
-0.0968412
-0.0968412
0.82808
0.82808
0.82808
0.82808
-0.82808
-0.82808
-0.82808
-0.82808
0.82808
0.82808
0.82808
0.82808
-0.82808
-0.82808
-0.82808
-0.82808
0.552182
0.552182
0.552182
0.552182
-0.552182
-0.552182
-0.552182
-0.552182
0.552182
0.552182
0.552182
0.552182
-0.552182
-0.552182
-0.552182
-0.552182
0.183343
0.183343
0.183343
0.183343
-0.183343
-0.183343
-0.183343
-0.183343
0.183343
0.183343
0.183343
0.183343
-0.183343
-0.183343
-0.183343
-0.183343
0.907466
0.907466
0.907466
0.907466
-0.907466
-0.907466
-0.907466
-0.907466
0.907466
0.907466
0.907466
0.907466
-0.907466
-0.907466
-0.907466
-0.907466
0.378009
0.378009
0.378009
0.378009
-0.378009
-0.378009
-0.378009
-0.378009
0.378009
0.378009
0.378009
0.378009
-0.378009
-0.378009
-0.378009
-0.378009
0
1
0.193295
0.981141
0
0
-1
0
0.193295
0.981141
0.193295
0.193295
-0.981141
-0.193295
-0.981141
-0.193295
0.981141
0.981141
0
0
-0.981141
-0.981141
-0.193295
-0.193295
0
0
0.380049
0.924966
0
0
0
0
0.380049
0.924966
0.380049
0.380049
-0.380049
-0.924966
-0.924966
-0.380049
0.924966
0.924966
0
0
-0.380049
-0.924966
-0.924966
-0.380049
0
0
0
0
0
0
0.57735
0.57735
-0.57735
-0.57735
0.57735
0.57735
-0.57735
-0.57735
0.706897
0.706897
-0.706897
-0.706897
0.706897
0.706897
-0.706897
-0.706897
0.0243833
0.0243833
-0.0243833
-0.0243833
0.0243833
0.0243833
-0.0243833
-0.0243833
0.706897
0.706897
-0.706897
-0.706897
0.706897
0.706897
-0.706897
-0.706897
0.479468
0.479468
-0.479468
-0.479468
0.479468
0.479468
-0.479468
-0.479468
0.734997
0.734997
-0.734997
-0.734997
0.734997
0.734997
-0.734997
-0.734997
0.479468
0.479468
-0.479468
-0.479468
0.479468
0.479468
-0.479468
-0.479468
0.192753
0.192753
-0.192753
-0.192753
0.192753
0.192753
-0.192753
-0.192753
0.962129
0.962129
-0.962129
-0.962129
0.962129
0.962129
-0.962129
-0.962129
0.192753
0.192753
-0.192753
-0.192753
0.192753
0.192753
-0.192753
-0.192753
0.693036
0.693036
-0.693036
-0.693036
0.693036
0.693036
-0.693036
-0.693036
0.198501
0.198501
-0.198501
-0.198501
0.198501
0.198501
-0.198501
-0.198501
0.693036
0.693036
-0.693036
-0.693036
0.693036
0.693036
-0.693036
-0.693036
0.36083
0.36083
-0.36083
-0.36083
0.36083
0.36083
-0.36083
-0.36083
0.860002
0.860002
-0.860002
-0.860002
0.860002
0.860002
-0.860002
-0.860002
0.36083
0.36083
-0.36083
-0.36083
0.36083
0.36083
-0.36083
-0.36083
0.649849
0.649849
-0.649849
-0.649849
0.649849
0.649849
-0.649849
-0.649849
0.3942
0.3942
-0.3942
-0.3942
0.3942
0.3942
-0.3942
-0.3942
0.649849
0.649849
-0.649849
-0.649849
0.649849
0.649849
-0.649849
-0.649849
0.793454
0.793454
-0.793454
-0.793454
0.793454
0.793454
-0.793454
-0.793454
0.535123
0.535123
-0.535123
-0.535123
0.535123
0.535123
-0.535123
-0.535123
0.289956
0.289956
-0.289956
-0.289956
0.289956
0.289956
-0.289956
-0.289956
0.535123
0.535123
-0.535123
-0.535123
0.535123
0.535123
-0.535123
-0.535123
0.289956
0.289956
-0.289956
-0.289956
0.289956
0.289956
-0.289956
-0.289956
0.793454
0.793454
-0.793454
-0.793454
0.793454
0.793454
-0.793454
-0.793454
0.82808
0.82808
-0.82808
-0.82808
0.82808
0.82808
-0.82808
-0.82808
0.552182
0.552182
-0.552182
-0.552182
0.552182
0.552182
-0.552182
-0.552182
0.0968412
0.0968412
-0.0968412
-0.0968412
0.0968412
0.0968412
-0.0968412
-0.0968412
0.552182
0.552182
-0.552182
-0.552182
0.552182
0.552182
-0.552182
-0.552182
0.0968412
0.0968412
-0.0968412
-0.0968412
0.0968412
0.0968412
-0.0968412
-0.0968412
0.82808
0.82808
-0.82808
-0.82808
0.82808
0.82808
-0.82808
-0.82808
0.907466
0.907466
-0.907466
-0.907466
0.907466
0.907466
-0.907466
-0.907466
0.378009
0.378009
-0.378009
-0.378009
0.378009
0.378009
-0.378009
-0.378009
0.183343
0.183343
-0.183343
-0.183343
0.183343
0.183343
-0.183343
-0.183343
0.378009
0.378009
-0.378009
-0.378009
0.378009
0.378009
-0.378009
-0.378009
0.183343
0.183343
-0.183343
-0.183343
0.183343
0.183343
-0.183343
-0.183343
0.907466
0.907466
-0.907466
-0.907466
0.907466
0.907466
-0.907466
-0.907466
0
0
-0.981141
-0.193295
1
0
0
-1
0.981141
0.193295
0
0
0.193295
0.981141
-0.193295
-0.981141
0
0
-0.193295
-0.193295
0
0
0
0
0.981141
0.981141
-0.924966
-0.380049
0.193295
0.193295
-0.981141
-0.981141
0.924966
0.380049
0
0
0.924966
0.380049
-0.380049
-0.924966
0
0
-0.380049
-0.380049
0
0
0
0
0.924966
0.924966
-0.924966
-0.924966
0.380049
0.380049
0.57735
-0.57735
0.57735
-0.57735
0.57735
-0.57735
0.57735
-0.57735
0.0243833
-0.0243833
0.0243833
-0.0243833
0.0243833
-0.0243833
0.0243833
-0.0243833
0.706897
-0.706897
0.706897
-0.706897
0.706897
-0.706897
0.706897
-0.706897
0.706897
-0.706897
0.706897
-0.706897
0.706897
-0.706897
0.706897
-0.706897
0.734997
-0.734997
0.734997
-0.734997
0.734997
-0.734997
0.734997
-0.734997
0.479468
-0.479468
0.479468
-0.479468
0.479468
-0.479468
0.479468
-0.479468
0.479468
-0.479468
0.479468
-0.479468
0.479468
-0.479468
0.479468
-0.479468
0.962129
-0.962129
0.962129
-0.962129
0.962129
-0.962129
0.962129
-0.962129
0.192753
-0.192753
0.192753
-0.192753
0.192753
-0.192753
0.192753
-0.192753
0.192753
-0.192753
0.192753
-0.192753
0.192753
-0.192753
0.192753
-0.192753
0.198501
-0.198501
0.198501
-0.198501
0.198501
-0.198501
0.198501
-0.198501
0.693036
-0.693036
0.693036
-0.693036
0.693036
-0.693036
0.693036
-0.693036
0.693036
-0.693036
0.693036
-0.693036
0.693036
-0.693036
0.693036
-0.693036
0.860002
-0.860002
0.860002
-0.860002
0.860002
-0.860002
0.860002
-0.860002
0.36083
-0.36083
0.36083
-0.36083
0.36083
-0.36083
0.36083
-0.36083
0.36083
-0.36083
0.36083
-0.36083
0.36083
-0.36083
0.36083
-0.36083
0.3942
-0.3942
0.3942
-0.3942
0.3942
-0.3942
0.3942
-0.3942
0.649849
-0.649849
0.649849
-0.649849
0.649849
-0.649849
0.649849
-0.649849
0.649849
-0.649849
0.649849
-0.649849
0.649849
-0.649849
0.649849
-0.649849
0.535123
-0.535123
0.535123
-0.535123
0.535123
-0.535123
0.535123
-0.535123
0.793454
-0.793454
0.793454
-0.793454
0.793454
-0.793454
0.793454
-0.793454
0.535123
-0.535123
0.535123
-0.535123
0.535123
-0.535123
0.535123
-0.535123
0.289956
-0.289956
0.289956
-0.289956
0.289956
-0.289956
0.289956
-0.289956
0.793454
-0.793454
0.793454
-0.793454
0.793454
-0.793454
0.793454
-0.793454
0.289956
-0.289956
0.289956
-0.289956
0.289956
-0.289956
0.289956
-0.289956
0.552182
-0.552182
0.552182
-0.552182
0.552182
-0.552182
0.552182
-0.552182
0.82808
-0.82808
0.82808
-0.82808
0.82808
-0.82808
0.82808
-0.82808
0.552182
-0.552182
0.552182
-0.552182
0.552182
-0.552182
0.552182
-0.552182
0.0968412
-0.0968412
0.0968412
-0.0968412
0.0968412
-0.0968412
0.0968412
-0.0968412
0.82808
-0.82808
0.82808
-0.82808
0.82808
-0.82808
0.82808
-0.82808
0.0968412
-0.0968412
0.0968412
-0.0968412
0.0968412
-0.0968412
0.0968412
-0.0968412
0.378009
-0.378009
0.378009
-0.378009
0.378009
-0.378009
0.378009
-0.378009
0.907466
-0.907466
0.907466
-0.907466
0.907466
-0.907466
0.907466
-0.907466
0.378009
-0.378009
0.378009
-0.378009
0.378009
-0.378009
0.378009
-0.378009
0.183343
-0.183343
0.183343
-0.183343
0.183343
-0.183343
0.183343
-0.183343
0.907466
-0.907466
0.907466
-0.907466
0.907466
-0.907466
0.907466
-0.907466
0.183343
-0.183343
0.183343
-0.183343
0.183343
-0.183343
0.183343
-0.183343
1
0
0
0
0
-1
0
0
0
0
0.981141
-0.981141
0
0
0
0
0.193295
-0.193295
0.981141
-0.981141
0.193295
-0.193295
0.981141
-0.981141
0.193295
-0.193295
0
0
0.981141
-0.981141
0.193295
-0.193295
0
0
0.924966
-0.924966
0
0
0
0
0.380049
-0.380049
0.924966
-0.924966
0.924966
-0.380049
0.380049
-0.924966
0.380049
-0.380049
0.380049
-0.380049
0.924966
-0.924966
0.0383353
0.0383353
0.0383353
0.0383353
0.0383353
0.0383353
0.0383353
0.0383353
0.0203714
0.0203714
0.0203714
0.0203714
0.0203714
0.0203714
0.0203714
0.0203714
0.0203714
0.0203714
0.0203714
0.0203714
0.0203714
0.0203714
0.0203714
0.0203714
0.0203714
0.0203714
0.0203714
0.0203714
0.0203714
0.0203714
0.0203714
0.0203714
0.0377708
0.0377708
0.0377708
0.0377708
0.0377708
0.0377708
0.0377708
0.0377708
0.0377708
0.0377708
0.0377708
0.0377708
0.0377708
0.0377708
0.0377708
0.0377708
0.0377708
0.0377708
0.0377708
0.0377708
0.0377708
0.0377708
0.0377708
0.0377708
0.0375859
0.0375859
0.0375859
0.0375859
0.0375859
0.0375859
0.0375859
0.0375859
0.0375859
0.0375859
0.0375859
0.0375859
0.0375859
0.0375859
0.0375859
0.0375859
0.0375859
0.0375859
0.0375859
0.0375859
0.0375859
0.0375859
0.0375859
0.0375859
0.0374751
0.0374751
0.0374751
0.0374751
0.0374751
0.0374751
0.0374751
0.0374751
0.0374751
0.0374751
0.0374751
0.0374751
0.0374751
0.0374751
0.0374751
0.0374751
0.0374751
0.0374751
0.0374751
0.0374751
0.0374751
0.0374751
0.0374751
0.0374751
0.0342002
0.0342002
0.0342002
0.0342002
0.0342002
0.0342002
0.0342002
0.0342002
0.0342002
0.0342002
0.0342002
0.0342002
0.0342002
0.0342002
0.0342002
0.0342002
0.0342002
0.0342002
0.0342002
0.0342002
0.0342002
0.0342002
0.0342002
0.0342002
0.0381203
0.0381203
0.0381203
0.0381203
0.0381203
0.0381203
0.0381203
0.0381203
0.0381203
0.0381203
0.0381203
0.0381203
0.0381203
0.0381203
0.0381203
0.0381203
0.0381203
0.0381203
0.0381203
0.0381203
0.0381203
0.0381203
0.0381203
0.0381203
0.0371758
0.0371758
0.0371758
0.0371758
0.0371758
0.0371758
0.0371758
0.0371758
0.0371758
0.0371758
0.0371758
0.0371758
0.0371758
0.0371758
0.0371758
0.0371758
0.0371758
0.0371758
0.0371758
0.0371758
0.0371758
0.0371758
0.0371758
0.0371758
0.0371758
0.0371758
0.0371758
0.0371758
0.0371758
0.0371758
0.0371758
0.0371758
0.0371758
0.0371758
0.0371758
0.0371758
0.0371758
0.0371758
0.0371758
0.0371758
0.0371758
0.0371758
0.0371758
0.0371758
0.0371758
0.0371758
0.0371758
0.0371758
0.0381518
0.0381518
0.0381518
0.0381518
0.0381518
0.0381518
0.0381518
0.0381518
0.0381518
0.0381518
0.0381518
0.0381518
0.0381518
0.0381518
0.0381518
0.0381518
0.0381518
0.0381518
0.0381518
0.0381518
0.0381518
0.0381518
0.0381518
0.0381518
0.0381518
0.0381518
0.0381518
0.0381518
0.0381518
0.0381518
0.0381518
0.0381518
0.0381518
0.0381518
0.0381518
0.0381518
0.0381518
0.0381518
0.0381518
0.0381518
0.0381518
0.0381518
0.0381518
0.0381518
0.0381518
0.0381518
0.0381518
0.0381518
0.0355903
0.0355903
0.0355903
0.0355903
0.0355903
0.0355903
0.0355903
0.0355903
0.0355903
0.0355903
0.0355903
0.0355903
0.0355903
0.0355903
0.0355903
0.0355903
0.0355903
0.0355903
0.0355903
0.0355903
0.0355903
0.0355903
0.0355903
0.0355903
0.0355903
0.0355903
0.0355903
0.0355903
0.0355903
0.0355903
0.0355903
0.0355903
0.0355903
0.0355903
0.0355903
0.0355903
0.0355903
0.0355903
0.0355903
0.0355903
0.0355903
0.0355903
0.0355903
0.0355903
0.0355903
0.0355903
0.0355903
0.0355903
0.0377845
0.0377845
0.037799
0.037799
0.0377845
0.0377845
0.0377845
0.0377845
0.037799
0.037799
0.037799
0.037799
0.037799
0.037799
0.037799
0.037799
0.037799
0.037799
0.037799
0.037799
0.037799
0.037799
0.037799
0.037799
0.037799
0.037799
0.0362158
0.0362158
0.037799
0.037799
0.037799
0.037799
0.0362158
0.0362158
0.0362158
0.0362158
0.0362158
0.0362158
0.0362158
0.0362158
0.0362158
0.0362158
0.0362158
0.0362158
0.0362158
0.0362158
0.0362158
0.0362158
0.0362158
0.0362158
0.0362158
0.0362158
0.0362158
0.0362158
