38
0.57735
0.57735
0.57735
0.57735
-0.57735
-0.57735
-0.57735
-0.57735
1
0.459701
0
0
0
-0.459701
-1
0
0.459701
0.888074
0.459701
0.888074
-0.888074
-0.459701
-0.888074
-0.459701
0.888074
0.459701
0
0.888074
-0.888074
-0.888074
-0.459701
0
0
0
0
0
0
0
0.57735
0.57735
-0.57735
-0.57735
0.57735
0.57735
-0.57735
-0.57735
0
0.888074
0
-1
1
0.888074
0
0
0
0.459701
-0.888074
-0.459701
0.459701
0
-0.459701
-0.888074
0
0
-0.459701
0
0
0
0
-0.459701
0.888074
0.459701
-0.888074
-0.888074
0.459701
0.888074
0.57735
-0.57735
0.57735
-0.57735
0.57735
-0.57735
0.57735
-0.57735
0
0
1
0
0
0
0
-1
0.888074
0
0
0
0
-0.888074
0
0
0.459701
-0.888074
0.888074
-0.459701
0.459701
-0.459701
0.888074
-0.888074
0.459701
-0.888074
0.459701
-0.459701
0.888074
-0.459701
0.403919
0.403919
0.403919
0.403919
0.403919
0.403919
0.403919
0.403919
0.11968
0.359039
0.11968
0.11968
0.11968
0.359039
0.11968
0.11968
0.359039
0.359039
0.359039
0.359039
0.359039
0.359039
0.359039
0.359039
0.359039
0.359039
0.359039
0.359039
0.359039
0.359039
0.359039
0.359039
0.359039
0.359039
0.359039
0.359039
0.359039
0.359039
