434
0.57735
0.57735
0.57735
0.57735
-0.57735
-0.57735
-0.57735
-0.57735
0.690935
0.690935
0.690935
0.690935
-0.690935
-0.690935
-0.690935
-0.690935
0.690935
0.690935
0.690935
0.690935
-0.690935
-0.690935
-0.690935
-0.690935
0.212647
0.212647
0.212647
0.212647
-0.212647
-0.212647
-0.212647
-0.212647
0.177484
0.177484
0.177484
0.177484
-0.177484
-0.177484
-0.177484
-0.177484
0.177484
0.177484
0.177484
0.177484
-0.177484
-0.177484
-0.177484
-0.177484
0.967987
0.967987
0.967987
0.967987
-0.967987
-0.967987
-0.967987
-0.967987
0.491434
0.491434
0.491434
0.491434
-0.491434
-0.491434
-0.491434
-0.491434
0.491434
0.491434
0.491434
0.491434
-0.491434
-0.491434
-0.491434
-0.491434
0.719017
0.719017
0.719017
0.719017
-0.719017
-0.719017
-0.719017
-0.719017
0.645666
0.645666
0.645666
0.645666
-0.645666
-0.645666
-0.645666
-0.645666
0.645666
0.645666
0.645666
0.645666
-0.645666
-0.645666
-0.645666
-0.645666
0.407713
0.407713
0.407713
0.407713
-0.407713
-0.407713
-0.407713
-0.407713
0.286129
0.286129
0.286129
0.286129
-0.286129
-0.286129
-0.286129
-0.286129
0.286129
0.286129
0.286129
0.286129
-0.286129
-0.286129
-0.286129
-0.286129
0.914473
0.914473
0.914473
0.914473
-0.914473
-0.914473
-0.914473
-0.914473
0.0756808
0.0756808
0.0756808
0.0756808
-0.0756808
-0.0756808
-0.0756808
-0.0756808
0.0756808
0.0756808
0.0756808
0.0756808
-0.0756808
-0.0756808
-0.0756808
-0.0756808
0.994256
0.994256
0.994256
0.994256
-0.994256
-0.994256
-0.994256
-0.994256
0.392726
0.392726
0.392726
0.392726
-0.392726
-0.392726
-0.392726
-0.392726
0.392726
0.392726
0.392726
0.392726
-0.392726
-0.392726
-0.392726
-0.392726
0.831584
0.831584
0.831584
0.831584
-0.831584
-0.831584
-0.831584
-0.831584
0.205482
0.205482
0.205482
0.205482
-0.205482
-0.205482
-0.205482
-0.205482
0.205482
0.205482
0.205482
0.205482
-0.205482
-0.205482
-0.205482
-0.205482
0.868946
0.868946
0.868946
0.868946
-0.868946
-0.868946
-0.868946
-0.868946
0.868946
0.868946
0.868946
0.868946
-0.868946
-0.868946
-0.868946
-0.868946
0.450233
0.450233
0.450233
0.450233
-0.450233
-0.450233
-0.450233
-0.450233
0.450233
0.450233
0.450233
0.450233
-0.450233
-0.450233
-0.450233
-0.450233
0.590516
0.590516
0.590516
0.590516
-0.590516
-0.590516
-0.590516
-0.590516
0.590516
0.590516
0.590516
0.590516
-0.590516
-0.590516
-0.590516
-0.590516
0.799928
0.799928
0.799928
0.799928
-0.799928
-0.799928
-0.799928
-0.799928
0.799928
0.799928
0.799928
0.799928
-0.799928
-0.799928
-0.799928
-0.799928
0.106802
0.106802
0.106802
0.106802
-0.106802
-0.106802
-0.106802
-0.106802
0.106802
0.106802
0.106802
0.106802
-0.106802
-0.106802
-0.106802
-0.106802
0.555015
0.555015
0.555015
0.555015
-0.555015
-0.555015
-0.555015
-0.555015
0.555015
0.555015
0.555015
0.555015
-0.555015
-0.555015
-0.555015
-0.555015
0.771746
0.771746
0.771746
0.771746
-0.771746
-0.771746
-0.771746
-0.771746
0.771746
0.771746
0.771746
0.771746
-0.771746
-0.771746
-0.771746
-0.771746
0.310428
0.310428
0.310428
0.310428
-0.310428
-0.310428
-0.310428
-0.310428
0.310428
0.310428
0.310428
0.310428
-0.310428
-0.310428
-0.310428
-0.310428
0.937181
0.937181
0.937181
0.937181
-0.937181
-0.937181
-0.937181
-0.937181
0.937181
0.937181
0.937181
0.937181
-0.937181
-0.937181
-0.937181
-0.937181
0.334436
0.334436
0.334436
0.334436
-0.334436
-0.334436
-0.334436
-0.334436
0.334436
0.334436
0.334436
0.334436
-0.334436
-0.334436
-0.334436
-0.334436
0.0992177
0.0992177
0.0992177
0.0992177
-0.0992177
-0.0992177
-0.0992177
-0.0992177
0.0992177
0.0992177
0.0992177
0.0992177
-0.0992177
-0.0992177
-0.0992177
-0.0992177
0
0
0
1
0
0
-1
0
0.707107
0.707107
0.707107
0.707107
-0.707107
-0.707107
0
0
0.471599
0.881813
0.881813
0.471599
-0.707107
-0.881813
-0.881813
-0.707107
0.471599
0.471599
0.881813
0.881813
-0.471599
-0.471599
-0.471599
-0.881813
0
0
0
0
-0.471599
0
-0.881813
0
0
0.977643
0
0.977643
-0.210273
-0.977643
-0.210273
-0.977643
0.977643
0.210273
0.210273
0.977643
-0.210273
-0.977643
-0.977643
-0.210273
0.210273
0.210273
0
0
0
0
0
0
0
0
0.57735
0.57735
-0.57735
-0.57735
0.57735
0.57735
-0.57735
-0.57735
0.690935
0.690935
-0.690935
-0.690935
0.690935
0.690935
-0.690935
-0.690935
0.212647
0.212647
-0.212647
-0.212647
0.212647
0.212647
-0.212647
-0.212647
0.690935
0.690935
-0.690935
-0.690935
0.690935
0.690935
-0.690935
-0.690935
0.177484
0.177484
-0.177484
-0.177484
0.177484
0.177484
-0.177484
-0.177484
0.967987
0.967987
-0.967987
-0.967987
0.967987
0.967987
-0.967987
-0.967987
0.177484
0.177484
-0.177484
-0.177484
0.177484
0.177484
-0.177484
-0.177484
0.491434
0.491434
-0.491434
-0.491434
0.491434
0.491434
-0.491434
-0.491434
0.719017
0.719017
-0.719017
-0.719017
0.719017
0.719017
-0.719017
-0.719017
0.491434
0.491434
-0.491434
-0.491434
0.491434
0.491434
-0.491434
-0.491434
0.645666
0.645666
-0.645666
-0.645666
0.645666
0.645666
-0.645666
-0.645666
0.407713
0.407713
-0.407713
-0.407713
0.407713
0.407713
-0.407713
-0.407713
0.645666
0.645666
-0.645666
-0.645666
0.645666
0.645666
-0.645666
-0.645666
0.286129
0.286129
-0.286129
-0.286129
0.286129
0.286129
-0.286129
-0.286129
0.914473
0.914473
-0.914473
-0.914473
0.914473
0.914473
-0.914473
-0.914473
0.286129
0.286129
-0.286129
-0.286129
0.286129
0.286129
-0.286129
-0.286129
0.0756808
0.0756808
-0.0756808
-0.0756808
0.0756808
0.0756808
-0.0756808
-0.0756808
0.994256
0.994256
-0.994256
-0.994256
0.994256
0.994256
-0.994256
-0.994256
0.0756808
0.0756808
-0.0756808
-0.0756808
0.0756808
0.0756808
-0.0756808
-0.0756808
0.392726
0.392726
-0.392726
-0.392726
0.392726
0.392726
-0.392726
-0.392726
0.831584
0.831584
-0.831584
-0.831584
0.831584
0.831584
-0.831584
-0.831584
0.392726
0.392726
-0.392726
-0.392726
0.392726
0.392726
-0.392726
-0.392726
0.868946
0.868946
-0.868946
-0.868946
0.868946
0.868946
-0.868946
-0.868946
0.450233
0.450233
-0.450233
-0.450233
0.450233
0.450233
-0.450233
-0.450233
0.205482
0.205482
-0.205482
-0.205482
0.205482
0.205482
-0.205482
-0.205482
0.450233
0.450233
-0.450233
-0.450233
0.450233
0.450233
-0.450233
-0.450233
0.205482
0.205482
-0.205482
-0.205482
0.205482
0.205482
-0.205482
-0.205482
0.868946
0.868946
-0.868946
-0.868946
0.868946
0.868946
-0.868946
-0.868946
0.799928
0.799928
-0.799928
-0.799928
0.799928
0.799928
-0.799928
-0.799928
0.106802
0.106802
-0.106802
-0.106802
0.106802
0.106802
-0.106802
-0.106802
0.590516
0.590516
-0.590516
-0.590516
0.590516
0.590516
-0.590516
-0.590516
0.106802
0.106802
-0.106802
-0.106802
0.106802
0.106802
-0.106802
-0.106802
0.590516
0.590516
-0.590516
-0.590516
0.590516
0.590516
-0.590516
-0.590516
0.799928
0.799928
-0.799928
-0.799928
0.799928
0.799928
-0.799928
-0.799928
0.771746
0.771746
-0.771746
-0.771746
0.771746
0.771746
-0.771746
-0.771746
0.310428
0.310428
-0.310428
-0.310428
0.310428
0.310428
-0.310428
-0.310428
0.555015
0.555015
-0.555015
-0.555015
0.555015
0.555015
-0.555015
-0.555015
0.310428
0.310428
-0.310428
-0.310428
0.310428
0.310428
-0.310428
-0.310428
0.555015
0.555015
-0.555015
-0.555015
0.555015
0.555015
-0.555015
-0.555015
0.771746
0.771746
-0.771746
-0.771746
0.771746
0.771746
-0.771746
-0.771746
0.334436
0.334436
-0.334436
-0.334436
0.334436
0.334436
-0.334436
-0.334436
0.0992177
0.0992177
-0.0992177
-0.0992177
0.0992177
0.0992177
-0.0992177
-0.0992177
0.937181
0.937181
-0.937181
-0.937181
0.937181
0.937181
-0.937181
-0.937181
0.0992177
0.0992177
-0.0992177
-0.0992177
0.0992177
0.0992177
-0.0992177
-0.0992177
0.937181
0.937181
-0.937181
-0.937181
0.937181
0.937181
-0.937181
-0.937181
0.334436
0.334436
-0.334436
-0.334436
0.334436
0.334436
-0.334436
-0.334436
1
0
0
0
0.707107
0.707107
0
-1
0
0.707107
-0.707107
0
0
0
-0.707107
-0.707107
0.881813
0.471599
-0.471599
-0.881813
0.707107
0.471599
-0.471599
-0.707107
0
0
0
0
0.881813
0
-0.881813
0
0.881813
0.471599
-0.881813
-0.471599
0
0.881813
0
-0.881813
0.471599
0.210273
-0.471599
-0.210273
0.977643
0.210273
-0.977643
-0.210273
0
0.977643
-0.977643
0
0
0
0
0
0
0
-0.977643
-0.210273
0.977643
0.977643
-0.210273
-0.977643
0.210273
0.210273
0.57735
-0.57735
0.57735
-0.57735
0.57735
-0.57735
0.57735
-0.57735
0.212647
-0.212647
0.212647
-0.212647
0.212647
-0.212647
0.212647
-0.212647
0.690935
-0.690935
0.690935
-0.690935
0.690935
-0.690935
0.690935
-0.690935
0.690935
-0.690935
0.690935
-0.690935
0.690935
-0.690935
0.690935
-0.690935
0.967987
-0.967987
0.967987
-0.967987
0.967987
-0.967987
0.967987
-0.967987
0.177484
-0.177484
0.177484
-0.177484
0.177484
-0.177484
0.177484
-0.177484
0.177484
-0.177484
0.177484
-0.177484
0.177484
-0.177484
0.177484
-0.177484
0.719017
-0.719017
0.719017
-0.719017
0.719017
-0.719017
0.719017
-0.719017
0.491434
-0.491434
0.491434
-0.491434
0.491434
-0.491434
0.491434
-0.491434
0.491434
-0.491434
0.491434
-0.491434
0.491434
-0.491434
0.491434
-0.491434
0.407713
-0.407713
0.407713
-0.407713
0.407713
-0.407713
0.407713
-0.407713
0.645666
-0.645666
0.645666
-0.645666
0.645666
-0.645666
0.645666
-0.645666
0.645666
-0.645666
0.645666
-0.645666
0.645666
-0.645666
0.645666
-0.645666
0.914473
-0.914473
0.914473
-0.914473
0.914473
-0.914473
0.914473
-0.914473
0.286129
-0.286129
0.286129
-0.286129
0.286129
-0.286129
0.286129
-0.286129
0.286129
-0.286129
0.286129
-0.286129
0.286129
-0.286129
0.286129
-0.286129
0.994256
-0.994256
0.994256
-0.994256
0.994256
-0.994256
0.994256
-0.994256
0.0756808
-0.0756808
0.0756808
-0.0756808
0.0756808
-0.0756808
0.0756808
-0.0756808
0.0756808
-0.0756808
0.0756808
-0.0756808
0.0756808
-0.0756808
0.0756808
-0.0756808
0.831584
-0.831584
0.831584
-0.831584
0.831584
-0.831584
0.831584
-0.831584
0.392726
-0.392726
0.392726
-0.392726
0.392726
-0.392726
0.392726
-0.392726
0.392726
-0.392726
0.392726
-0.392726
0.392726
-0.392726
0.392726
-0.392726
0.450233
-0.450233
0.450233
-0.450233
0.450233
-0.450233
0.450233
-0.450233
0.868946
-0.868946
0.868946
-0.868946
0.868946
-0.868946
0.868946
-0.868946
0.450233
-0.450233
0.450233
-0.450233
0.450233
-0.450233
0.450233
-0.450233
0.205482
-0.205482
0.205482
-0.205482
0.205482
-0.205482
0.205482
-0.205482
0.868946
-0.868946
0.868946
-0.868946
0.868946
-0.868946
0.868946
-0.868946
0.205482
-0.205482
0.205482
-0.205482
0.205482
-0.205482
0.205482
-0.205482
0.106802
-0.106802
0.106802
-0.106802
0.106802
-0.106802
0.106802
-0.106802
0.799928
-0.799928
0.799928
-0.799928
0.799928
-0.799928
0.799928
-0.799928
0.106802
-0.106802
0.106802
-0.106802
0.106802
-0.106802
0.106802
-0.106802
0.590516
-0.590516
0.590516
-0.590516
0.590516
-0.590516
0.590516
-0.590516
0.799928
-0.799928
0.799928
-0.799928
0.799928
-0.799928
0.799928
-0.799928
0.590516
-0.590516
0.590516
-0.590516
0.590516
-0.590516
0.590516
-0.590516
0.310428
-0.310428
0.310428
-0.310428
0.310428
-0.310428
0.310428
-0.310428
0.771746
-0.771746
0.771746
-0.771746
0.771746
-0.771746
0.771746
-0.771746
0.310428
-0.310428
0.310428
-0.310428
0.310428
-0.310428
0.310428
-0.310428
0.555015
-0.555015
0.555015
-0.555015
0.555015
-0.555015
0.555015
-0.555015
0.771746
-0.771746
0.771746
-0.771746
0.771746
-0.771746
0.771746
-0.771746
0.555015
-0.555015
0.555015
-0.555015
0.555015
-0.555015
0.555015
-0.555015
0.0992177
-0.0992177
0.0992177
-0.0992177
0.0992177
-0.0992177
0.0992177
-0.0992177
0.334436
-0.334436
0.334436
-0.334436
0.334436
-0.334436
0.334436
-0.334436
0.0992177
-0.0992177
0.0992177
-0.0992177
0.0992177
-0.0992177
0.0992177
-0.0992177
0.937181
-0.937181
0.937181
-0.937181
0.937181
-0.937181
0.937181
-0.937181
0.334436
-0.334436
0.334436
-0.334436
0.334436
-0.334436
0.334436
-0.334436
0.937181
-0.937181
0.937181
-0.937181
0.937181
-0.937181
0.937181
-0.937181
0
-1
1
0
0.707107
-0.707107
0
0
0.707107
0
0
-0.707107
0.707107
-0.707107
0.707107
-0.707107
0
0
0
0
0
0
0
0
0.881813
-0.881813
0.471599
-0.471599
0
-0.881813
0
-0.471599
0.471599
-0.881813
0.471599
-0.881813
0.881813
-0.471599
0.471599
-0.471599
0.881813
0
0.881813
0
0
0
0
0
0.210273
0
0
-0.210273
0.977643
-0.210273
0.210273
-0.977643
0.977643
-0.977643
0.210273
-0.977643
0.210273
-0.210273
0.977643
-0.210273
0.977643
-0.977643
0.0315707
0.0315707
0.0315707
0.0315707
0.0315707
0.0315707
0.0315707
0.0315707
0.031798
0.031798
0.031798
0.031798
0.031798
0.031798
0.031798
0.031798
0.031798
0.031798
0.031798
0.031798
0.031798
0.031798
0.031798
0.031798
0.031798
0.031798
0.031798
0.031798
0.031798
0.031798
0.031798
0.031798
0.0253122
0.0253122
0.0253122
0.0253122
0.0253122
0.0253122
0.0253122
0.0253122
0.0253122
0.0253122
0.0253122
0.0253122
0.0253122
0.0253122
0.0253122
0.0253122
0.0253122
0.0253122
0.0253122
0.0253122
0.0253122
0.0253122
0.0253122
0.0253122
0.0314376
0.0314376
0.0314376
0.0314376
0.0314376
0.0314376
0.0314376
0.0314376
0.0314376
0.0314376
0.0314376
0.0314376
0.0314376
0.0314376
0.0314376
0.0314376
0.0314376
0.0314376
0.0314376
0.0314376
0.0314376
0.0314376
0.0314376
0.0314376
0.0315826
0.0315826
0.0315826
0.0315826
0.0315826
0.0315826
0.0315826
0.0315826
0.0315826
0.0315826
0.0315826
0.0315826
0.0315826
0.0315826
0.0315826
0.0315826
0.0315826
0.0315826
0.0315826
0.0315826
0.0315826
0.0315826
0.0315826
0.0315826
0.0289365
0.0289365
0.0289365
0.0289365
0.0289365
0.0289365
0.0289365
0.0289365
0.0289365
0.0289365
0.0289365
0.0289365
0.0289365
0.0289365
0.0289365
0.0289365
0.0289365
0.0289365
0.0289365
0.0289365
0.0289365
0.0289365
0.0289365
0.0289365
0.0183783
0.0183783
0.0183783
0.0183783
0.0183783
0.0183783
0.0183783
0.0183783
0.0183783
0.0183783
0.0183783
0.0183783
0.0183783
0.0183783
0.0183783
0.0183783
0.0183783
0.0183783
0.0183783
0.0183783
0.0183783
0.0183783
0.0183783
0.0183783
0.0307295
0.0307295
0.0307295
0.0307295
0.0307295
0.0307295
0.0307295
0.0307295
0.0307295
0.0307295
0.0307295
0.0307295
0.0307295
0.0307295
0.0307295
0.0307295
0.0307295
0.0307295
0.0307295
0.0307295
0.0307295
0.0307295
0.0307295
0.0307295
0.030372
0.030372
0.030372
0.030372
0.030372
0.030372
0.030372
0.030372
0.030372
0.030372
0.030372
0.030372
0.030372
0.030372
0.030372
0.030372
0.030372
0.030372
0.030372
0.030372
0.030372
0.030372
0.030372
0.030372
0.030372
0.030372
0.030372
0.030372
0.030372
0.030372
0.030372
0.030372
0.030372
0.030372
0.030372
0.030372
0.030372
0.030372
0.030372
0.030372
0.030372
0.030372
0.030372
0.030372
0.030372
0.030372
0.030372
0.030372
0.0315697
0.0315697
0.0315697
0.0315697
0.0315697
0.0315697
0.0315697
0.0315697
0.0315697
0.0315697
0.0315697
0.0315697
0.0315697
0.0315697
0.0315697
0.0315697
0.0315697
0.0315697
0.0315697
0.0315697
0.0315697
0.0315697
0.0315697
0.0315697
0.0315697
0.0315697
0.0315697
0.0315697
0.0315697
0.0315697
0.0315697
0.0315697
0.0315697
0.0315697
0.0315697
0.0315697
0.0315697
0.0315697
0.0315697
0.0315697
0.0315697
0.0315697
0.0315697
0.0315697
0.0315697
0.0315697
0.0315697
0.0315697
0.0313738
0.0313738
0.0313738
0.0313738
0.0313738
0.0313738
0.0313738
0.0313738
0.0313738
0.0313738
0.0313738
0.0313738
0.0313738
0.0313738
0.0313738
0.0313738
0.0313738
0.0313738
0.0313738
0.0313738
0.0313738
0.0313738
0.0313738
0.0313738
0.0313738
0.0313738
0.0313738
0.0313738
0.0313738
0.0313738
0.0313738
0.0313738
0.0313738
0.0313738
0.0313738
0.0313738
0.0313738
0.0313738
0.0313738
0.0313738
0.0313738
0.0313738
0.0313738
0.0313738
0.0313738
0.0313738
0.0313738
0.0313738
0.028106
0.028106
0.028106
0.028106
0.028106
0.028106
0.028106
0.028106
0.028106
0.028106
0.028106
0.028106
0.028106
0.028106
0.028106
0.028106
0.028106
0.028106
0.028106
0.028106
0.028106
0.028106
0.028106
0.028106
0.028106
0.028106
0.028106
0.028106
0.028106
0.028106
0.028106
0.028106
0.028106
0.028106
0.028106
0.028106
0.028106
0.028106
0.028106
0.028106
0.028106
0.028106
0.028106
0.028106
0.028106
0.028106
0.028106
0.028106
0.00661732
0.00661732
0.00661732
0.00661732
0.0320219
0.0320219
0.00661732
0.00661732
0.0320219
0.0320219
0.0320219
0.0320219
0.0320219
0.0320219
0.0320219
0.0320219
0.0303785
0.0303785
0.0303785
0.0303785
0.0320219
0.0303785
0.0303785
0.0320219
0.0303785
0.0303785
0.0303785
0.0303785
0.0303785
0.0303785
0.0303785
0.0303785
0.0303785
0.0303785
0.0303785
0.0303785
0.0303785
0.0303785
0.0303785
0.0303785
0.0303785
0.0240137
0.0303785
0.0240137
0.0240137
0.0240137
0.0240137
0.0240137
0.0240137
0.0240137
0.0240137
0.0240137
0.0240137
0.0240137
0.0240137
0.0240137
0.0240137
0.0240137
0.0240137
0.0240137
0.0240137
0.0240137
0.0240137
0.0240137
0.0240137
0.0240137
