50
0.57735
0.57735
0.57735
0.57735
-0.57735
-0.57735
-0.57735
-0.57735
0.301511
0.301511
0.301511
0.301511
-0.301511
-0.301511
-0.301511
-0.301511
0.301511
0.301511
0.301511
0.301511
-0.301511
-0.301511
-0.301511
-0.301511
0.904534
0.904534
0.904534
0.904534
-0.904534
-0.904534
-0.904534
-0.904534
0
1
0
0
-0.707107
0
0
-1
0.707107
0
0.707107
0
-0.707107
0
-0.707107
-0.707107
0.707107
0.707107
0.57735
0.57735
-0.57735
-0.57735
0.57735
0.57735
-0.57735
-0.57735
0.301511
0.301511
-0.301511
-0.301511
0.301511
0.301511
-0.301511
-0.301511
0.904534
0.904534
-0.904534
-0.904534
0.904534
0.904534
-0.904534
-0.904534
0.301511
0.301511
-0.301511
-0.301511
0.301511
0.301511
-0.301511
-0.301511
0.707107
0
-0.707107
-1
0
1
0
0
0
0
-0.707107
-0.707107
0.707107
0.707107
-0.707107
0
0.707107
0
0.57735
-0.57735
0.57735
-0.57735
0.57735
-0.57735
0.57735
-0.57735
0.904534
-0.904534
0.904534
-0.904534
0.904534
-0.904534
0.904534
-0.904534
0.301511
-0.301511
0.301511
-0.301511
0.301511
-0.301511
0.301511
-0.301511
0.301511
-0.301511
0.301511
-0.301511
0.301511
-0.301511
0.301511
-0.301511
0.707107
0
0.707107
0
0.707107
0
1
0
0.707107
-1
0
-0.707107
0
-0.707107
0
-0.707107
0
-0.707107
0.265072
0.265072
0.265072
0.265072
0.265072
0.265072
0.265072
0.265072
0.253506
0.253506
0.253506
0.253506
0.253506
0.253506
0.253506
0.253506
0.253506
0.253506
0.253506
0.253506
0.253506
0.253506
0.253506
0.253506
0.253506
0.253506
0.253506
0.253506
0.253506
0.253506
0.253506
0.253506
0.283685
0.159573
0.283685
0.159573
0.283685
0.159573
0.159573
0.159573
0.283685
0.159573
0.283685
0.283685
0.283685
0.283685
0.283685
0.283685
0.283685
0.283685
