770
0.57735
0.57735
0.57735
0.57735
-0.57735
-0.57735
-0.57735
-0.57735
0.050872
0.050872
0.050872
0.050872
-0.050872
-0.050872
-0.050872
-0.050872
0.050872
0.050872
0.050872
0.050872
-0.050872
-0.050872
-0.050872
-0.050872
0.997409
0.997409
0.997409
0.997409
-0.997409
-0.997409
-0.997409
-0.997409
0.12282
0.12282
0.12282
0.12282
-0.12282
-0.12282
-0.12282
-0.12282
0.12282
0.12282
0.12282
0.12282
-0.12282
-0.12282
-0.12282
-0.12282
0.9848
0.9848
0.9848
0.9848
-0.9848
-0.9848
-0.9848
-0.9848
0.202689
0.202689
0.202689
0.202689
-0.202689
-0.202689
-0.202689
-0.202689
0.202689
0.202689
0.202689
0.202689
-0.202689
-0.202689
-0.202689
-0.202689
0.958037
0.958037
0.958037
0.958037
-0.958037
-0.958037
-0.958037
-0.958037
0.284775
0.284775
0.284775
0.284775
-0.284775
-0.284775
-0.284775
-0.284775
0.284775
0.284775
0.284775
0.284775
-0.284775
-0.284775
-0.284775
-0.284775
0.915318
0.915318
0.915318
0.915318
-0.915318
-0.915318
-0.915318
-0.915318
0.365672
0.365672
0.365672
0.365672
-0.365672
-0.365672
-0.365672
-0.365672
0.365672
0.365672
0.365672
0.365672
-0.365672
-0.365672
-0.365672
-0.365672
0.855902
0.855902
0.855902
0.855902
-0.855902
-0.855902
-0.855902
-0.855902
0.442826
0.442826
0.442826
0.442826
-0.442826
-0.442826
-0.442826
-0.442826
0.442826
0.442826
0.442826
0.442826
-0.442826
-0.442826
-0.442826
-0.442826
0.779621
0.779621
0.779621
0.779621
-0.779621
-0.779621
-0.779621
-0.779621
0.514062
0.514062
0.514062
0.514062
-0.514062
-0.514062
-0.514062
-0.514062
0.514062
0.514062
0.514062
0.514062
-0.514062
-0.514062
-0.514062
-0.514062
0.686644
0.686644
0.686644
0.686644
-0.686644
-0.686644
-0.686644
-0.686644
0.63064
0.63064
0.63064
0.63064
-0.63064
-0.63064
-0.63064
-0.63064
0.63064
0.63064
0.63064
0.63064
-0.63064
-0.63064
-0.63064
-0.63064
0.452312
0.452312
0.452312
0.452312
-0.452312
-0.452312
-0.452312
-0.452312
0.671688
0.671688
0.671688
0.671688
-0.671688
-0.671688
-0.671688
-0.671688
0.671688
0.671688
0.671688
0.671688
-0.671688
-0.671688
-0.671688
-0.671688
0.312521
0.312521
0.312521
0.312521
-0.312521
-0.312521
-0.312521
-0.312521
0.697979
0.697979
0.697979
0.697979
-0.697979
-0.697979
-0.697979
-0.697979
0.697979
0.697979
0.697979
0.697979
-0.697979
-0.697979
-0.697979
-0.697979
0.160156
0.160156
0.160156
0.160156
-0.160156
-0.160156
-0.160156
-0.160156
0.0694402
0.0694402
0.0694402
0.0694402
-0.0694402
-0.0694402
-0.0694402
-0.0694402
0.0694402
0.0694402
0.0694402
0.0694402
-0.0694402
-0.0694402
-0.0694402
-0.0694402
0.235519
0.235519
0.235519
0.235519
-0.235519
-0.235519
-0.235519
-0.235519
0.235519
0.235519
0.235519
0.235519
-0.235519
-0.235519
-0.235519
-0.235519
0.969386
0.969386
0.969386
0.969386
-0.969386
-0.969386
-0.969386
-0.969386
0.969386
0.969386
0.969386
0.969386
-0.969386
-0.969386
-0.969386
-0.969386
0.2269
0.2269
0.2269
0.2269
-0.2269
-0.2269
-0.2269
-0.2269
0.2269
0.2269
0.2269
0.2269
-0.2269
-0.2269
-0.2269
-0.2269
0.410218
0.410218
0.410218
0.410218
-0.410218
-0.410218
-0.410218
-0.410218
0.410218
0.410218
0.410218
0.410218
-0.410218
-0.410218
-0.410218
-0.410218
0.88331
0.88331
0.88331
0.88331
-0.88331
-0.88331
-0.88331
-0.88331
0.88331
0.88331
0.88331
0.88331
-0.88331
-0.88331
-0.88331
-0.88331
0.0802557
0.0802557
0.0802557
0.0802557
-0.0802557
-0.0802557
-0.0802557
-0.0802557
0.0802557
0.0802557
0.0802557
0.0802557
-0.0802557
-0.0802557
-0.0802557
-0.0802557
0.62143
0.62143
0.62143
0.62143
-0.62143
-0.62143
-0.62143
-0.62143
0.62143
0.62143
0.62143
0.62143
-0.62143
-0.62143
-0.62143
-0.62143
0.779348
0.779348
0.779348
0.779348
-0.779348
-0.779348
-0.779348
-0.779348
0.779348
0.779348
0.779348
0.779348
-0.779348
-0.779348
-0.779348
-0.779348
0.1468
0.1468
0.1468
0.1468
-0.1468
-0.1468
-0.1468
-0.1468
0.1468
0.1468
0.1468
0.1468
-0.1468
-0.1468
-0.1468
-0.1468
0.324528
0.324528
0.324528
0.324528
-0.324528
-0.324528
-0.324528
-0.324528
0.324528
0.324528
0.324528
0.324528
-0.324528
-0.324528
-0.324528
-0.324528
0.934415
0.934415
0.934415
0.934415
-0.934415
-0.934415
-0.934415
-0.934415
0.934415
0.934415
0.934415
0.934415
-0.934415
-0.934415
-0.934415
-0.934415
0.157151
0.157151
0.157151
0.157151
-0.157151
-0.157151
-0.157151
-0.157151
0.157151
0.157151
0.157151
0.157151
-0.157151
-0.157151
-0.157151
-0.157151
0.522448
0.522448
0.522448
0.522448
-0.522448
-0.522448
-0.522448
-0.522448
0.522448
0.522448
0.522448
0.522448
-0.522448
-0.522448
-0.522448
-0.522448
0.838064
0.838064
0.838064
0.838064
-0.838064
-0.838064
-0.838064
-0.838064
0.838064
0.838064
0.838064
0.838064
-0.838064
-0.838064
-0.838064
-0.838064
0.23657
0.23657
0.23657
0.23657
-0.23657
-0.23657
-0.23657
-0.23657
0.23657
0.23657
0.23657
0.23657
-0.23657
-0.23657
-0.23657
-0.23657
0.601755
0.601755
0.601755
0.601755
-0.601755
-0.601755
-0.601755
-0.601755
0.601755
0.601755
0.601755
0.601755
-0.601755
-0.601755
-0.601755
-0.601755
0.762841
0.762841
0.762841
0.762841
-0.762841
-0.762841
-0.762841
-0.762841
0.762841
0.762841
0.762841
0.762841
-0.762841
-0.762841
-0.762841
-0.762841
0.0771482
0.0771482
0.0771482
0.0771482
-0.0771482
-0.0771482
-0.0771482
-0.0771482
0.0771482
0.0771482
0.0771482
0.0771482
-0.0771482
-0.0771482
-0.0771482
-0.0771482
0.434658
0.434658
0.434658
0.434658
-0.434658
-0.434658
-0.434658
-0.434658
0.434658
0.434658
0.434658
0.434658
-0.434658
-0.434658
-0.434658
-0.434658
0.897285
0.897285
0.897285
0.897285
-0.897285
-0.897285
-0.897285
-0.897285
0.897285
0.897285
0.897285
0.897285
-0.897285
-0.897285
-0.897285
-0.897285
0.306294
0.306294
0.306294
0.306294
-0.306294
-0.306294
-0.306294
-0.306294
0.306294
0.306294
0.306294
0.306294
-0.306294
-0.306294
-0.306294
-0.306294
0.490883
0.490883
0.490883
0.490883
-0.490883
-0.490883
-0.490883
-0.490883
0.490883
0.490883
0.490883
0.490883
-0.490883
-0.490883
-0.490883
-0.490883
0.815609
0.815609
0.815609
0.815609
-0.815609
-0.815609
-0.815609
-0.815609
0.815609
0.815609
0.815609
0.815609
-0.815609
-0.815609
-0.815609
-0.815609
0.382248
0.382248
0.382248
0.382248
-0.382248
-0.382248
-0.382248
-0.382248
0.382248
0.382248
0.382248
0.382248
-0.382248
-0.382248
-0.382248
-0.382248
0.564877
0.564877
0.564877
0.564877
-0.564877
-0.564877
-0.564877
-0.564877
0.564877
0.564877
0.564877
0.564877
-0.564877
-0.564877
-0.564877
-0.564877
0.731301
0.731301
0.731301
0.731301
-0.731301
-0.731301
-0.731301
-0.731301
0.731301
0.731301
0.731301
0.731301
-0.731301
-0.731301
-0.731301
-0.731301
0.707107
0
0
1
0
0
0
-1
0.707107
0.707107
0.707107
0
-0.707107
0
0
-0.707107
0.144687
0.989478
0.989478
0.144687
-0.707107
-0.144687
-0.144687
-0.707107
0.989478
0.989478
0.144687
0.144687
-0.989478
-0.989478
-0.989478
-0.144687
0
0
0
0
-0.989478
0
-0.144687
0
0
0.339026
0
0.339026
-0.339026
-0.940777
-0.339026
-0.940777
0.940777
0.339026
0.339026
0.940777
-0.339026
-0.940777
-0.940777
-0.339026
0
0
0.940777
0.940777
0
0
0
0
0.53358
0.845749
0.845749
0.53358
-0.53358
-0.845749
0
0
0.53358
0.53358
0.845749
0.845749
-0.53358
-0.53358
-0.53358
-0.845749
0
0
0
0
-0.845749
-0.845749
0
0
0
0
0.57735
0.57735
-0.57735
-0.57735
0.57735
0.57735
-0.57735
-0.57735
0.050872
0.050872
-0.050872
-0.050872
0.050872
0.050872
-0.050872
-0.050872
0.997409
0.997409
-0.997409
-0.997409
0.997409
0.997409
-0.997409
-0.997409
0.050872
0.050872
-0.050872
-0.050872
0.050872
0.050872
-0.050872
-0.050872
0.12282
0.12282
-0.12282
-0.12282
0.12282
0.12282
-0.12282
-0.12282
0.9848
0.9848
-0.9848
-0.9848
0.9848
0.9848
-0.9848
-0.9848
0.12282
0.12282
-0.12282
-0.12282
0.12282
0.12282
-0.12282
-0.12282
0.202689
0.202689
-0.202689
-0.202689
0.202689
0.202689
-0.202689
-0.202689
0.958037
0.958037
-0.958037
-0.958037
0.958037
0.958037
-0.958037
-0.958037
0.202689
0.202689
-0.202689
-0.202689
0.202689
0.202689
-0.202689
-0.202689
0.284775
0.284775
-0.284775
-0.284775
0.284775
0.284775
-0.284775
-0.284775
0.915318
0.915318
-0.915318
-0.915318
0.915318
0.915318
-0.915318
-0.915318
0.284775
0.284775
-0.284775
-0.284775
0.284775
0.284775
-0.284775
-0.284775
0.365672
0.365672
-0.365672
-0.365672
0.365672
0.365672
-0.365672
-0.365672
0.855902
0.855902
-0.855902
-0.855902
0.855902
0.855902
-0.855902
-0.855902
0.365672
0.365672
-0.365672
-0.365672
0.365672
0.365672
-0.365672
-0.365672
0.442826
0.442826
-0.442826
-0.442826
0.442826
0.442826
-0.442826
-0.442826
0.779621
0.779621
-0.779621
-0.779621
0.779621
0.779621
-0.779621
-0.779621
0.442826
0.442826
-0.442826
-0.442826
0.442826
0.442826
-0.442826
-0.442826
0.514062
0.514062
-0.514062
-0.514062
0.514062
0.514062
-0.514062
-0.514062
0.686644
0.686644
-0.686644
-0.686644
0.686644
0.686644
-0.686644
-0.686644
0.514062
0.514062
-0.514062
-0.514062
0.514062
0.514062
-0.514062
-0.514062
0.63064
0.63064
-0.63064
-0.63064
0.63064
0.63064
-0.63064
-0.63064
0.452312
0.452312
-0.452312
-0.452312
0.452312
0.452312
-0.452312
-0.452312
0.63064
0.63064
-0.63064
-0.63064
0.63064
0.63064
-0.63064
-0.63064
0.671688
0.671688
-0.671688
-0.671688
0.671688
0.671688
-0.671688
-0.671688
0.312521
0.312521
-0.312521
-0.312521
0.312521
0.312521
-0.312521
-0.312521
0.671688
0.671688
-0.671688
-0.671688
0.671688
0.671688
-0.671688
-0.671688
0.697979
0.697979
-0.697979
-0.697979
0.697979
0.697979
-0.697979
-0.697979
0.160156
0.160156
-0.160156
-0.160156
0.160156
0.160156
-0.160156
-0.160156
0.697979
0.697979
-0.697979
-0.697979
0.697979
0.697979
-0.697979
-0.697979
0.235519
0.235519
-0.235519
-0.235519
0.235519
0.235519
-0.235519
-0.235519
0.969386
0.969386
-0.969386
-0.969386
0.969386
0.969386
-0.969386
-0.969386
0.0694402
0.0694402
-0.0694402
-0.0694402
0.0694402
0.0694402
-0.0694402
-0.0694402
0.969386
0.969386
-0.969386
-0.969386
0.969386
0.969386
-0.969386
-0.969386
0.0694402
0.0694402
-0.0694402
-0.0694402
0.0694402
0.0694402
-0.0694402
-0.0694402
0.235519
0.235519
-0.235519
-0.235519
0.235519
0.235519
-0.235519
-0.235519
0.410218
0.410218
-0.410218
-0.410218
0.410218
0.410218
-0.410218
-0.410218
0.88331
0.88331
-0.88331
-0.88331
0.88331
0.88331
-0.88331
-0.88331
0.2269
0.2269
-0.2269
-0.2269
0.2269
0.2269
-0.2269
-0.2269
0.88331
0.88331
-0.88331
-0.88331
0.88331
0.88331
-0.88331
-0.88331
0.2269
0.2269
-0.2269
-0.2269
0.2269
0.2269
-0.2269
-0.2269
0.410218
0.410218
-0.410218
-0.410218
0.410218
0.410218
-0.410218
-0.410218
0.62143
0.62143
-0.62143
-0.62143
0.62143
0.62143
-0.62143
-0.62143
0.779348
0.779348
-0.779348
-0.779348
0.779348
0.779348
-0.779348
-0.779348
0.0802557
0.0802557
-0.0802557
-0.0802557
0.0802557
0.0802557
-0.0802557
-0.0802557
0.779348
0.779348
-0.779348
-0.779348
0.779348
0.779348
-0.779348
-0.779348
0.0802557
0.0802557
-0.0802557
-0.0802557
0.0802557
0.0802557
-0.0802557
-0.0802557
0.62143
0.62143
-0.62143
-0.62143
0.62143
0.62143
-0.62143
-0.62143
0.324528
0.324528
-0.324528
-0.324528
0.324528
0.324528
-0.324528
-0.324528
0.934415
0.934415
-0.934415
-0.934415
0.934415
0.934415
-0.934415
-0.934415
0.1468
0.1468
-0.1468
-0.1468
0.1468
0.1468
-0.1468
-0.1468
0.934415
0.934415
-0.934415
-0.934415
0.934415
0.934415
-0.934415
-0.934415
0.1468
0.1468
-0.1468
-0.1468
0.1468
0.1468
-0.1468
-0.1468
0.324528
0.324528
-0.324528
-0.324528
0.324528
0.324528
-0.324528
-0.324528
0.522448
0.522448
-0.522448
-0.522448
0.522448
0.522448
-0.522448
-0.522448
0.838064
0.838064
-0.838064
-0.838064
0.838064
0.838064
-0.838064
-0.838064
0.157151
0.157151
-0.157151
-0.157151
0.157151
0.157151
-0.157151
-0.157151
0.838064
0.838064
-0.838064
-0.838064
0.838064
0.838064
-0.838064
-0.838064
0.157151
0.157151
-0.157151
-0.157151
0.157151
0.157151
-0.157151
-0.157151
0.522448
0.522448
-0.522448
-0.522448
0.522448
0.522448
-0.522448
-0.522448
0.601755
0.601755
-0.601755
-0.601755
0.601755
0.601755
-0.601755
-0.601755
0.762841
0.762841
-0.762841
-0.762841
0.762841
0.762841
-0.762841
-0.762841
0.23657
0.23657
-0.23657
-0.23657
0.23657
0.23657
-0.23657
-0.23657
0.762841
0.762841
-0.762841
-0.762841
0.762841
0.762841
-0.762841
-0.762841
0.23657
0.23657
-0.23657
-0.23657
0.23657
0.23657
-0.23657
-0.23657
0.601755
0.601755
-0.601755
-0.601755
0.601755
0.601755
-0.601755
-0.601755
0.434658
0.434658
-0.434658
-0.434658
0.434658
0.434658
-0.434658
-0.434658
0.897285
0.897285
-0.897285
-0.897285
0.897285
0.897285
-0.897285
-0.897285
0.0771482
0.0771482
-0.0771482
-0.0771482
0.0771482
0.0771482
-0.0771482
-0.0771482
0.897285
0.897285
-0.897285
-0.897285
0.897285
0.897285
-0.897285
-0.897285
0.0771482
0.0771482
-0.0771482
-0.0771482
0.0771482
0.0771482
-0.0771482
-0.0771482
0.434658
0.434658
-0.434658
-0.434658
0.434658
0.434658
-0.434658
-0.434658
0.490883
0.490883
-0.490883
-0.490883
0.490883
0.490883
-0.490883
-0.490883
0.815609
0.815609
-0.815609
-0.815609
0.815609
0.815609
-0.815609
-0.815609
0.306294
0.306294
-0.306294
-0.306294
0.306294
0.306294
-0.306294
-0.306294
0.815609
0.815609
-0.815609
-0.815609
0.815609
0.815609
-0.815609
-0.815609
0.306294
0.306294
-0.306294
-0.306294
0.306294
0.306294
-0.306294
-0.306294
0.490883
0.490883
-0.490883
-0.490883
0.490883
0.490883
-0.490883
-0.490883
0.564877
0.564877
-0.564877
-0.564877
0.564877
0.564877
-0.564877
-0.564877
0.731301
0.731301
-0.731301
-0.731301
0.731301
0.731301
-0.731301
-0.731301
0.382248
0.382248
-0.382248
-0.382248
0.382248
0.382248
-0.382248
-0.382248
0.731301
0.731301
-0.731301
-0.731301
0.731301
0.731301
-0.731301
-0.731301
0.382248
0.382248
-0.382248
-0.382248
0.382248
0.382248
-0.382248
-0.382248
0.564877
0.564877
-0.564877
-0.564877
0.564877
0.564877
-0.564877
-0.564877
0
0
-1
0
0.707107
1
0
0
0.707107
0
-0.707107
-0.707107
0
0.707107
-0.707107
0
0.989478
0.144687
-0.144687
-0.989478
0.707107
0.989478
-0.989478
-0.707107
0
0
0
0
0.144687
0
-0.144687
0
0.144687
0.144687
-0.144687
-0.144687
0
0.989478
0
-0.989478
0.989478
0.940777
-0.989478
-0.940777
0.940777
0.339026
-0.940777
-0.339026
0.339026
0
0
-0.339026
0
0
0
0
0.339026
0.940777
0
0
0.940777
0.339026
-0.339026
-0.339026
0.845749
0.53358
-0.53358
-0.845749
0.845749
0.53358
-0.940777
-0.940777
0
0
0
0
0
0
-0.845749
-0.53358
0.53358
0.53358
-0.53358
-0.845749
0
0
-0.845749
-0.53358
0.845749
0.845749
0.57735
-0.57735
0.57735
-0.57735
0.57735
-0.57735
0.57735
-0.57735
0.997409
-0.997409
0.997409
-0.997409
0.997409
-0.997409
0.997409
-0.997409
0.050872
-0.050872
0.050872
-0.050872
0.050872
-0.050872
0.050872
-0.050872
0.050872
-0.050872
0.050872
-0.050872
0.050872
-0.050872
0.050872
-0.050872
0.9848
-0.9848
0.9848
-0.9848
0.9848
-0.9848
0.9848
-0.9848
0.12282
-0.12282
0.12282
-0.12282
0.12282
-0.12282
0.12282
-0.12282
0.12282
-0.12282
0.12282
-0.12282
0.12282
-0.12282
0.12282
-0.12282
0.958037
-0.958037
0.958037
-0.958037
0.958037
-0.958037
0.958037
-0.958037
0.202689
-0.202689
0.202689
-0.202689
0.202689
-0.202689
0.202689
-0.202689
0.202689
-0.202689
0.202689
-0.202689
0.202689
-0.202689
0.202689
-0.202689
0.915318
-0.915318
0.915318
-0.915318
0.915318
-0.915318
0.915318
-0.915318
0.284775
-0.284775
0.284775
-0.284775
0.284775
-0.284775
0.284775
-0.284775
0.284775
-0.284775
0.284775
-0.284775
0.284775
-0.284775
0.284775
-0.284775
0.855902
-0.855902
0.855902
-0.855902
0.855902
-0.855902
0.855902
-0.855902
0.365672
-0.365672
0.365672
-0.365672
0.365672
-0.365672
0.365672
-0.365672
0.365672
-0.365672
0.365672
-0.365672
0.365672
-0.365672
0.365672
-0.365672
0.779621
-0.779621
0.779621
-0.779621
0.779621
-0.779621
0.779621
-0.779621
0.442826
-0.442826
0.442826
-0.442826
0.442826
-0.442826
0.442826
-0.442826
0.442826
-0.442826
0.442826
-0.442826
0.442826
-0.442826
0.442826
-0.442826
0.686644
-0.686644
0.686644
-0.686644
0.686644
-0.686644
0.686644
-0.686644
0.514062
-0.514062
0.514062
-0.514062
0.514062
-0.514062
0.514062
-0.514062
0.514062
-0.514062
0.514062
-0.514062
0.514062
-0.514062
0.514062
-0.514062
0.452312
-0.452312
0.452312
-0.452312
0.452312
-0.452312
0.452312
-0.452312
0.63064
-0.63064
0.63064
-0.63064
0.63064
-0.63064
0.63064
-0.63064
0.63064
-0.63064
0.63064
-0.63064
0.63064
-0.63064
0.63064
-0.63064
0.312521
-0.312521
0.312521
-0.312521
0.312521
-0.312521
0.312521
-0.312521
0.671688
-0.671688
0.671688
-0.671688
0.671688
-0.671688
0.671688
-0.671688
0.671688
-0.671688
0.671688
-0.671688
0.671688
-0.671688
0.671688
-0.671688
0.160156
-0.160156
0.160156
-0.160156
0.160156
-0.160156
0.160156
-0.160156
0.697979
-0.697979
0.697979
-0.697979
0.697979
-0.697979
0.697979
-0.697979
0.697979
-0.697979
0.697979
-0.697979
0.697979
-0.697979
0.697979
-0.697979
0.969386
-0.969386
0.969386
-0.969386
0.969386
-0.969386
0.969386
-0.969386
0.235519
-0.235519
0.235519
-0.235519
0.235519
-0.235519
0.235519
-0.235519
0.969386
-0.969386
0.969386
-0.969386
0.969386
-0.969386
0.969386
-0.969386
0.0694402
-0.0694402
0.0694402
-0.0694402
0.0694402
-0.0694402
0.0694402
-0.0694402
0.235519
-0.235519
0.235519
-0.235519
0.235519
-0.235519
0.235519
-0.235519
0.0694402
-0.0694402
0.0694402
-0.0694402
0.0694402
-0.0694402
0.0694402
-0.0694402
0.88331
-0.88331
0.88331
-0.88331
0.88331
-0.88331
0.88331
-0.88331
0.410218
-0.410218
0.410218
-0.410218
0.410218
-0.410218
0.410218
-0.410218
0.88331
-0.88331
0.88331
-0.88331
0.88331
-0.88331
0.88331
-0.88331
0.2269
-0.2269
0.2269
-0.2269
0.2269
-0.2269
0.2269
-0.2269
0.410218
-0.410218
0.410218
-0.410218
0.410218
-0.410218
0.410218
-0.410218
0.2269
-0.2269
0.2269
-0.2269
0.2269
-0.2269
0.2269
-0.2269
0.779348
-0.779348
0.779348
-0.779348
0.779348
-0.779348
0.779348
-0.779348
0.62143
-0.62143
0.62143
-0.62143
0.62143
-0.62143
0.62143
-0.62143
0.779348
-0.779348
0.779348
-0.779348
0.779348
-0.779348
0.779348
-0.779348
0.0802557
-0.0802557
0.0802557
-0.0802557
0.0802557
-0.0802557
0.0802557
-0.0802557
0.62143
-0.62143
0.62143
-0.62143
0.62143
-0.62143
0.62143
-0.62143
0.0802557
-0.0802557
0.0802557
-0.0802557
0.0802557
-0.0802557
0.0802557
-0.0802557
0.934415
-0.934415
0.934415
-0.934415
0.934415
-0.934415
0.934415
-0.934415
0.324528
-0.324528
0.324528
-0.324528
0.324528
-0.324528
0.324528
-0.324528
0.934415
-0.934415
0.934415
-0.934415
0.934415
-0.934415
0.934415
-0.934415
0.1468
-0.1468
0.1468
-0.1468
0.1468
-0.1468
0.1468
-0.1468
0.324528
-0.324528
0.324528
-0.324528
0.324528
-0.324528
0.324528
-0.324528
0.1468
-0.1468
0.1468
-0.1468
0.1468
-0.1468
0.1468
-0.1468
0.838064
-0.838064
0.838064
-0.838064
0.838064
-0.838064
0.838064
-0.838064
0.522448
-0.522448
0.522448
-0.522448
0.522448
-0.522448
0.522448
-0.522448
0.838064
-0.838064
0.838064
-0.838064
0.838064
-0.838064
0.838064
-0.838064
0.157151
-0.157151
0.157151
-0.157151
0.157151
-0.157151
0.157151
-0.157151
0.522448
-0.522448
0.522448
-0.522448
0.522448
-0.522448
0.522448
-0.522448
0.157151
-0.157151
0.157151
-0.157151
0.157151
-0.157151
0.157151
-0.157151
0.762841
-0.762841
0.762841
-0.762841
0.762841
-0.762841
0.762841
-0.762841
0.601755
-0.601755
0.601755
-0.601755
0.601755
-0.601755
0.601755
-0.601755
0.762841
-0.762841
0.762841
-0.762841
0.762841
-0.762841
0.762841
-0.762841
0.23657
-0.23657
0.23657
-0.23657
0.23657
-0.23657
0.23657
-0.23657
0.601755
-0.601755
0.601755
-0.601755
0.601755
-0.601755
0.601755
-0.601755
0.23657
-0.23657
0.23657
-0.23657
0.23657
-0.23657
0.23657
-0.23657
0.897285
-0.897285
0.897285
-0.897285
0.897285
-0.897285
0.897285
-0.897285
0.434658
-0.434658
0.434658
-0.434658
0.434658
-0.434658
0.434658
-0.434658
0.897285
-0.897285
0.897285
-0.897285
0.897285
-0.897285
0.897285
-0.897285
0.0771482
-0.0771482
0.0771482
-0.0771482
0.0771482
-0.0771482
0.0771482
-0.0771482
0.434658
-0.434658
0.434658
-0.434658
0.434658
-0.434658
0.434658
-0.434658
0.0771482
-0.0771482
0.0771482
-0.0771482
0.0771482
-0.0771482
0.0771482
-0.0771482
0.815609
-0.815609
0.815609
-0.815609
0.815609
-0.815609
0.815609
-0.815609
0.490883
-0.490883
0.490883
-0.490883
0.490883
-0.490883
0.490883
-0.490883
0.815609
-0.815609
0.815609
-0.815609
0.815609
-0.815609
0.815609
-0.815609
0.306294
-0.306294
0.306294
-0.306294
0.306294
-0.306294
0.306294
-0.306294
0.490883
-0.490883
0.490883
-0.490883
0.490883
-0.490883
0.490883
-0.490883
0.306294
-0.306294
0.306294
-0.306294
0.306294
-0.306294
0.306294
-0.306294
0.731301
-0.731301
0.731301
-0.731301
0.731301
-0.731301
0.731301
-0.731301
0.564877
-0.564877
0.564877
-0.564877
0.564877
-0.564877
0.564877
-0.564877
0.731301
-0.731301
0.731301
-0.731301
0.731301
-0.731301
0.731301
-0.731301
0.382248
-0.382248
0.382248
-0.382248
0.382248
-0.382248
0.382248
-0.382248
0.564877
-0.564877
0.564877
-0.564877
0.564877
-0.564877
0.564877
-0.564877
0.382248
-0.382248
0.382248
-0.382248
0.382248
-0.382248
0.382248
-0.382248
0.707107
-1
0
0
0.707107
0
1
0
0
-0.707107
0
-0.707107
0.707107
-0.707107
0.707107
-0.707107
0
0
0
0
0
0
0
0
0.144687
-0.144687
0.989478
-0.989478
0
-0.144687
0
-0.989478
0.989478
-0.989478
0.989478
-0.989478
0.144687
-0.144687
0.989478
-0.144687
0.144687
0
0.144687
0
0
0
0
0
0
-0.940777
0.940777
0
0.940777
-0.339026
0.339026
-0.940777
0.940777
-0.339026
0.339026
-0.339026
0.339026
-0.940777
0.940777
-0.940777
0
0
0
0
0
0
0.339026
-0.339026
0.845749
-0.845749
0.53358
-0.53358
0.845749
-0.845749
0
0
0.845749
-0.845749
0.845749
-0.53358
0.53358
-0.53358
0.53358
-0.845749
0.53358
-0.53358
0.0178686
0.0178686
0.0178686
0.0178686
0.0178686
0.0178686
0.0178686
0.0178686
0.00854277
0.00854277
0.00854277
0.00854277
0.00854277
0.00854277
0.00854277
0.00854277
0.00854277
0.00854277
0.00854277
0.00854277
0.00854277
0.00854277
0.00854277
0.00854277
0.00854277
0.00854277
0.00854277
0.00854277
0.00854277
0.00854277
0.00854277
0.00854277
0.0124573
0.0124573
0.0124573
0.0124573
0.0124573
0.0124573
0.0124573
0.0124573
0.0124573
0.0124573
0.0124573
0.0124573
0.0124573
0.0124573
0.0124573
0.0124573
0.0124573
0.0124573
0.0124573
0.0124573
0.0124573
0.0124573
0.0124573
0.0124573
0.0148309
0.0148309
0.0148309
0.0148309
0.0148309
0.0148309
0.0148309
0.0148309
0.0148309
0.0148309
0.0148309
0.0148309
0.0148309
0.0148309
0.0148309
0.0148309
0.0148309
0.0148309
0.0148309
0.0148309
0.0148309
0.0148309
0.0148309
0.0148309
0.0162936
0.0162936
0.0162936
0.0162936
0.0162936
0.0162936
0.0162936
0.0162936
0.0162936
0.0162936
0.0162936
0.0162936
0.0162936
0.0162936
0.0162936
0.0162936
0.0162936
0.0162936
0.0162936
0.0162936
0.0162936
0.0162936
0.0162936
0.0162936
0.017164
0.017164
0.017164
0.017164
0.017164
0.017164
0.017164
0.017164
0.017164
0.017164
0.017164
0.017164
0.017164
0.017164
0.017164
0.017164
0.017164
0.017164
0.017164
0.017164
0.017164
0.017164
0.017164
0.017164
0.0176305
0.0176305
0.0176305
0.0176305
0.0176305
0.0176305
0.0176305
0.0176305
0.0176305
0.0176305
0.0176305
0.0176305
0.0176305
0.0176305
0.0176305
0.0176305
0.0176305
0.0176305
0.0176305
0.0176305
0.0176305
0.0176305
0.0176305
0.0176305
0.0178272
0.0178272
0.0178272
0.0178272
0.0178272
0.0178272
0.0178272
0.0178272
0.0178272
0.0178272
0.0178272
0.0178272
0.0178272
0.0178272
0.0178272
0.0178272
0.0178272
0.0178272
0.0178272
0.0178272
0.0178272
0.0178272
0.0178272
0.0178272
0.0178615
0.0178615
0.0178615
0.0178615
0.0178615
0.0178615
0.0178615
0.0178615
0.0178615
0.0178615
0.0178615
0.0178615
0.0178615
0.0178615
0.0178615
0.0178615
0.0178615
0.0178615
0.0178615
0.0178615
0.0178615
0.0178615
0.0178615
0.0178615
0.0178945
0.0178945
0.0178945
0.0178945
0.0178945
0.0178945
0.0178945
0.0178945
0.0178945
0.0178945
0.0178945
0.0178945
0.0178945
0.0178945
0.0178945
0.0178945
0.0178945
0.0178945
0.0178945
0.0178945
0.0178945
0.0178945
0.0178945
0.0178945
0.0179894
0.0179894
0.0179894
0.0179894
0.0179894
0.0179894
0.0179894
0.0179894
0.0179894
0.0179894
0.0179894
0.0179894
0.0179894
0.0179894
0.0179894
0.0179894
0.0179894
0.0179894
0.0179894
0.0179894
0.0179894
0.0179894
0.0179894
0.0179894
0.0141634
0.0141634
0.0141634
0.0141634
0.0141634
0.0141634
0.0141634
0.0141634
0.0141634
0.0141634
0.0141634
0.0141634
0.0141634
0.0141634
0.0141634
0.0141634
0.0141634
0.0141634
0.0141634
0.0141634
0.0141634
0.0141634
0.0141634
0.0141634
0.0141634
0.0141634
0.0141634
0.0141634
0.0141634
0.0141634
0.0141634
0.0141634
0.0141634
0.0141634
0.0141634
0.0141634
0.0141634
0.0141634
0.0141634
0.0141634
0.0141634
0.0141634
0.0141634
0.0141634
0.0141634
0.0141634
0.0141634
0.0141634
0.0169112
0.0169112
0.0169112
0.0169112
0.0169112
0.0169112
0.0169112
0.0169112
0.0169112
0.0169112
0.0169112
0.0169112
0.0169112
0.0169112
0.0169112
0.0169112
0.0169112
0.0169112
0.0169112
0.0169112
0.0169112
0.0169112
0.0169112
0.0169112
0.0169112
0.0169112
0.0169112
0.0169112
0.0169112
0.0169112
0.0169112
0.0169112
0.0169112
0.0169112
0.0169112
0.0169112
0.0169112
0.0169112
0.0169112
0.0169112
0.0169112
0.0169112
0.0169112
0.0169112
0.0169112
0.0169112
0.0169112
0.0169112
0.0179065
0.0179065
0.0179065
0.0179065
0.0179065
0.0179065
0.0179065
0.0179065
0.0179065
0.0179065
0.0179065
0.0179065
0.0179065
0.0179065
0.0179065
0.0179065
0.0179065
0.0179065
0.0179065
0.0179065
0.0179065
0.0179065
0.0179065
0.0179065
0.0179065
0.0179065
0.0179065
0.0179065
0.0179065
0.0179065
0.0179065
0.0179065
0.0179065
0.0179065
0.0179065
0.0179065
0.0179065
0.0179065
0.0179065
0.0179065
0.0179065
0.0179065
0.0179065
0.0179065
0.0179065
0.0179065
0.0179065
0.0179065
0.0158528
0.0158528
0.0158528
0.0158528
0.0158528
0.0158528
0.0158528
0.0158528
0.0158528
0.0158528
0.0158528
0.0158528
0.0158528
0.0158528
0.0158528
0.0158528
0.0158528
0.0158528
0.0158528
0.0158528
0.0158528
0.0158528
0.0158528
0.0158528
0.0158528
0.0158528
0.0158528
0.0158528
0.0158528
0.0158528
0.0158528
0.0158528
0.0158528
0.0158528
0.0158528
0.0158528
0.0158528
0.0158528
0.0158528
0.0158528
0.0158528
0.0158528
0.0158528
0.0158528
0.0158528
0.0158528
0.0158528
0.0158528
0.0174993
0.0174993
0.0174993
0.0174993
0.0174993
0.0174993
0.0174993
0.0174993
0.0174993
0.0174993
0.0174993
0.0174993
0.0174993
0.0174993
0.0174993
0.0174993
0.0174993
0.0174993
0.0174993
0.0174993
0.0174993
0.0174993
0.0174993
0.0174993
0.0174993
0.0174993
0.0174993
0.0174993
0.0174993
0.0174993
0.0174993
0.0174993
0.0174993
0.0174993
0.0174993
0.0174993
0.0174993
0.0174993
0.0174993
0.0174993
0.0174993
0.0174993
0.0174993
0.0174993
0.0174993
0.0174993
0.0174993
0.0174993
0.0178287
0.0178287
0.0178287
0.0178287
0.0178287
0.0178287
0.0178287
0.0178287
0.0178287
0.0178287
0.0178287
0.0178287
0.0178287
0.0178287
0.0178287
0.0178287
0.0178287
0.0178287
0.0178287
0.0178287
0.0178287
0.0178287
0.0178287
0.0178287
0.0178287
0.0178287
0.0178287
0.0178287
0.0178287
0.0178287
0.0178287
0.0178287
0.0178287
0.0178287
0.0178287
0.0178287
0.0178287
0.0178287
0.0178287
0.0178287
0.0178287
0.0178287
0.0178287
0.0178287
0.0178287
0.0178287
0.0178287
0.0178287
0.0168184
0.0168184
0.0168184
0.0168184
0.0168184
0.0168184
0.0168184
0.0168184
0.0168184
0.0168184
0.0168184
0.0168184
0.0168184
0.0168184
0.0168184
0.0168184
0.0168184
0.0168184
0.0168184
0.0168184
0.0168184
0.0168184
0.0168184
0.0168184
0.0168184
0.0168184
0.0168184
0.0168184
0.0168184
0.0168184
0.0168184
0.0168184
0.0168184
0.0168184
0.0168184
0.0168184
0.0168184
0.0168184
0.0168184
0.0168184
0.0168184
0.0168184
0.0168184
0.0168184
0.0168184
0.0168184
0.0168184
0.0168184
0.0175138
0.0175138
0.0175138
0.0175138
0.0175138
0.0175138
0.0175138
0.0175138
0.0175138
0.0175138
0.0175138
0.0175138
0.0175138
0.0175138
0.0175138
0.0175138
0.0175138
0.0175138
0.0175138
0.0175138
0.0175138
0.0175138
0.0175138
0.0175138
0.0175138
0.0175138
0.0175138
0.0175138
0.0175138
0.0175138
0.0175138
0.0175138
0.0175138
0.0175138
0.0175138
0.0175138
0.0175138
0.0175138
0.0175138
0.0175138
0.0175138
0.0175138
0.0175138
0.0175138
0.0175138
0.0175138
0.0175138
0.0175138
0.0177929
0.0177929
0.0177929
0.0177929
0.0177929
0.0177929
0.0177929
0.0177929
0.0177929
0.0177929
0.0177929
0.0177929
0.0177929
0.0177929
0.0177929
0.0177929
0.0177929
0.0177929
0.0177929
0.0177929
0.0177929
0.0177929
0.0177929
0.0177929
0.0177929
0.0177929
0.0177929
0.0177929
0.0177929
0.0177929
0.0177929
0.0177929
0.0177929
0.0177929
0.0177929
0.0177929
0.0177929
0.0177929
0.0177929
0.0177929
0.0177929
0.0177929
0.0177929
0.0177929
0.0177929
0.0177929
0.0177929
0.0177929
0.0180508
0.00275573
0.00275573
0.00275573
0.0180508
0.00275573
0.00275573
0.00275573
0.0180508
0.0180508
0.0180508
0.0180508
0.0180508
0.0180508
0.0180508
0.0180508
0.0116294
0.0116294
0.0116294
0.0116294
0.0180508
0.0116294
0.0116294
0.0180508
0.0116294
0.0116294
0.0116294
0.0116294
0.0116294
0.0116294
0.0116294
0.0116294
0.0116294
0.0116294
0.0116294
0.0116294
0.0116294
0.0116294
0.0116294
0.0116294
0.0116294
0.015711
0.0116294
0.015711
0.015711
0.015711
0.015711
0.015711
0.015711
0.015711
0.015711
0.015711
0.015711
0.015711
0.015711
0.015711
0.015711
0.015711
0.015711
0.015711
0.015711
0.015711
0.015711
0.015711
0.0175221
0.0175221
0.0175221
0.0175221
0.0175221
0.0175221
0.015711
0.015711
0.0175221
0.0175221
0.0175221
0.0175221
0.0175221
0.0175221
0.0175221
0.0175221
0.0175221
0.0175221
0.0175221
0.0175221
0.0175221
0.0175221
0.0175221
0.0175221
0.0175221
0.0175221
