86
1
-1
0
0
0
0
0.57735
-0.57735
0.57735
-0.57735
0.57735
-0.57735
0.57735
-0.57735
0.369603
-0.369603
0.369603
-0.369603
0.369603
-0.369603
0.369603
-0.369603
0.369603
-0.369603
0.369603
-0.369603
0.369603
-0.369603
0.369603
-0.369603
0.852518
-0.852518
0.852518
-0.852518
0.852518
-0.852518
0.852518
-0.852518
0.694354
-0.694354
0.694354
-0.694354
0.694354
-0.694354
0.694354
-0.694354
0.694354
-0.694354
0.694354
-0.694354
0.694354
-0.694354
0.694354
-0.694354
0.189064
-0.189064
0.189064
-0.189064
0.189064
-0.189064
0.189064
-0.189064
0.374243
-0.374243
0.374243
-0.374243
0.927331
-0.927331
0.927331
-0.927331
0.374243
-0.374243
0.374243
-0.374243
0.927331
-0.927331
0.927331
-0.927331
0
0
0
0
0
0
0
0
0
0
1
-1
0
0
0.57735
0.57735
-0.57735
-0.57735
0.57735
0.57735
-0.57735
-0.57735
0.369603
0.369603
-0.369603
-0.369603
0.369603
0.369603
-0.369603
-0.369603
0.852518
0.852518
-0.852518
-0.852518
0.852518
0.852518
-0.852518
-0.852518
0.369603
0.369603
-0.369603
-0.369603
0.369603
0.369603
-0.369603
-0.369603
0.694354
0.694354
-0.694354
-0.694354
0.694354
0.694354
-0.694354
-0.694354
0.189064
0.189064
-0.189064
-0.189064
0.189064
0.189064
-0.189064
-0.189064
0.694354
0.694354
-0.694354
-0.694354
0.694354
0.694354
-0.694354
-0.694354
0.927331
0.927331
-0.927331
-0.927331
0.374243
0.374243
-0.374243
-0.374243
0
0
0
0
0
0
0
0
0.374243
-0.374243
0.374243
-0.374243
0.927331
-0.927331
0.927331
-0.927331
0
0
0
0
1
-1
0.57735
0.57735
0.57735
0.57735
-0.57735
-0.57735
-0.57735
-0.57735
0.852518
0.852518
0.852518
0.852518
-0.852518
-0.852518
-0.852518
-0.852518
0.369603
0.369603
0.369603
0.369603
-0.369603
-0.369603
-0.369603
-0.369603
0.369603
0.369603
0.369603
0.369603
-0.369603
-0.369603
-0.369603
-0.369603
0.189064
0.189064
0.189064
0.189064
-0.189064
-0.189064
-0.189064
-0.189064
0.694354
0.694354
0.694354
0.694354
-0.694354
-0.694354
-0.694354
-0.694354
0.694354
0.694354
0.694354
0.694354
-0.694354
-0.694354
-0.694354
-0.694354
0
0
0
0
0
0
0
0
0.927331
0.927331
-0.927331
-0.927331
0.374243
0.374243
-0.374243
-0.374243
0.927331
0.927331
-0.927331
-0.927331
0.374243
0.374243
-0.374243
-0.374243
0.145066
0.145066
0.145066
0.145066
0.145066
0.145066
0.150092
0.150092
0.150092
0.150092
0.150092
0.150092
0.150092
0.150092
0.139619
0.139619
0.139619
0.139619
0.139619
0.139619
0.139619
0.139619
0.139619
0.139619
0.139619
0.139619
0.139619
0.139619
0.139619
0.139619
0.139619
0.139619
0.139619
0.139619
0.139619
0.139619
0.139619
0.139619
0.149245
0.149245
0.149245
0.149245
0.149245
0.149245
0.149245
0.149245
0.149245
0.149245
0.149245
0.149245
0.149245
0.149245
0.149245
0.149245
0.149245
0.149245
0.149245
0.149245
0.149245
0.149245
0.149245
0.149245
0.148438
0.148438
0.148438
0.148438
0.148438
0.148438
0.148438
0.148438
0.148438
0.148438
0.148438
0.148438
0.148438
0.148438
0.148438
0.148438
0.148438
0.148438
0.148438
0.148438
0.148438
0.148438
0.148438
0.148438
