974
0.57735
0.57735
0.57735
0.57735
-0.57735
-0.57735
-0.57735
-0.57735
0.0429296
0.0429296
0.0429296
0.0429296
-0.0429296
-0.0429296
-0.0429296
-0.0429296
0.0429296
0.0429296
0.0429296
0.0429296
-0.0429296
-0.0429296
-0.0429296
-0.0429296
0.998155
0.998155
0.998155
0.998155
-0.998155
-0.998155
-0.998155
-0.998155
0.105143
0.105143
0.105143
0.105143
-0.105143
-0.105143
-0.105143
-0.105143
0.105143
0.105143
0.105143
0.105143
-0.105143
-0.105143
-0.105143
-0.105143
0.988883
0.988883
0.988883
0.988883
-0.988883
-0.988883
-0.988883
-0.988883
0.175002
0.175002
0.175002
0.175002
-0.175002
-0.175002
-0.175002
-0.175002
0.175002
0.175002
0.175002
0.175002
-0.175002
-0.175002
-0.175002
-0.175002
0.96889
0.96889
0.96889
0.96889
-0.96889
-0.96889
-0.96889
-0.96889
0.247765
0.247765
0.247765
0.247765
-0.247765
-0.247765
-0.247765
-0.247765
0.247765
0.247765
0.247765
0.247765
-0.247765
-0.247765
-0.247765
-0.247765
0.936603
0.936603
0.936603
0.936603
-0.936603
-0.936603
-0.936603
-0.936603
0.320657
0.320657
0.320657
0.320657
-0.320657
-0.320657
-0.320657
-0.320657
0.320657
0.320657
0.320657
0.320657
-0.320657
-0.320657
-0.320657
-0.320657
0.891268
0.891268
0.891268
0.891268
-0.891268
-0.891268
-0.891268
-0.891268
0.391652
0.391652
0.391652
0.391652
-0.391652
-0.391652
-0.391652
-0.391652
0.391652
0.391652
0.391652
0.391652
-0.391652
-0.391652
-0.391652
-0.391652
0.832597
0.832597
0.832597
0.832597
-0.832597
-0.832597
-0.832597
-0.832597
0.459083
0.459083
0.459083
0.459083
-0.459083
-0.459083
-0.459083
-0.459083
0.459083
0.459083
0.459083
0.459083
-0.459083
-0.459083
-0.459083
-0.459083
0.760583
0.760583
0.760583
0.760583
-0.760583
-0.760583
-0.760583
-0.760583
0.521456
0.521456
0.521456
0.521456
-0.521456
-0.521456
-0.521456
-0.521456
0.521456
0.521456
0.521456
0.521456
-0.521456
-0.521456
-0.521456
-0.521456
0.675401
0.675401
0.675401
0.675401
-0.675401
-0.675401
-0.675401
-0.675401
0.625317
0.625317
0.625317
0.625317
-0.625317
-0.625317
-0.625317
-0.625317
0.625317
0.625317
0.625317
0.625317
-0.625317
-0.625317
-0.625317
-0.625317
0.466859
0.466859
0.466859
0.466859
-0.466859
-0.466859
-0.466859
-0.466859
0.663793
0.663793
0.663793
0.663793
-0.663793
-0.663793
-0.663793
-0.663793
0.663793
0.663793
0.663793
0.663793
-0.663793
-0.663793
-0.663793
-0.663793
0.344614
0.344614
0.344614
0.344614
-0.344614
-0.344614
-0.344614
-0.344614
0.691041
0.691041
0.691041
0.691041
-0.691041
-0.691041
-0.691041
-0.691041
0.691041
0.691041
0.691041
0.691041
-0.691041
-0.691041
-0.691041
-0.691041
0.211954
0.211954
0.211954
0.211954
-0.211954
-0.211954
-0.211954
-0.211954
0.705291
0.705291
0.705291
0.705291
-0.705291
-0.705291
-0.705291
-0.705291
0.705291
0.705291
0.705291
0.705291
-0.705291
-0.705291
-0.705291
-0.705291
0.0716244
0.0716244
0.0716244
0.0716244
-0.0716244
-0.0716244
-0.0716244
-0.0716244
0.0597405
0.0597405
0.0597405
0.0597405
-0.0597405
-0.0597405
-0.0597405
-0.0597405
0.0597405
0.0597405
0.0597405
0.0597405
-0.0597405
-0.0597405
-0.0597405
-0.0597405
0.202913
0.202913
0.202913
0.202913
-0.202913
-0.202913
-0.202913
-0.202913
0.202913
0.202913
0.202913
0.202913
-0.202913
-0.202913
-0.202913
-0.202913
0.977373
0.977373
0.977373
0.977373
-0.977373
-0.977373
-0.977373
-0.977373
0.977373
0.977373
0.977373
0.977373
-0.977373
-0.977373
-0.977373
-0.977373
0.137576
0.137576
0.137576
0.137576
-0.137576
-0.137576
-0.137576
-0.137576
0.137576
0.137576
0.137576
0.137576
-0.137576
-0.137576
-0.137576
-0.137576
0.460262
0.460262
0.460262
0.460262
-0.460262
-0.460262
-0.460262
-0.460262
0.460262
0.460262
0.460262
0.460262
-0.460262
-0.460262
-0.460262
-0.460262
0.877058
0.877058
0.877058
0.877058
-0.877058
-0.877058
-0.877058
-0.877058
0.877058
0.877058
0.877058
0.877058
-0.877058
-0.877058
-0.877058
-0.877058
0.339102
0.339102
0.339102
0.339102
-0.339102
-0.339102
-0.339102
-0.339102
0.339102
0.339102
0.339102
0.339102
-0.339102
-0.339102
-0.339102
-0.339102
0.503067
0.503067
0.503067
0.503067
-0.503067
-0.503067
-0.503067
-0.503067
0.503067
0.503067
0.503067
0.503067
-0.503067
-0.503067
-0.503067
-0.503067
0.794942
0.794942
0.794942
0.794942
-0.794942
-0.794942
-0.794942
-0.794942
0.794942
0.794942
0.794942
0.794942
-0.794942
-0.794942
-0.794942
-0.794942
0.127168
0.127168
0.127168
0.127168
-0.127168
-0.127168
-0.127168
-0.127168
0.127168
0.127168
0.127168
0.127168
-0.127168
-0.127168
-0.127168
-0.127168
0.281761
0.281761
0.281761
0.281761
-0.281761
-0.281761
-0.281761
-0.281761
0.281761
0.281761
0.281761
0.281761
-0.281761
-0.281761
-0.281761
-0.281761
0.95102
0.95102
0.95102
0.95102
-0.95102
-0.95102
-0.95102
-0.95102
0.95102
0.95102
0.95102
0.95102
-0.95102
-0.95102
-0.95102
-0.95102
0.269312
0.269312
0.269312
0.269312
-0.269312
-0.269312
-0.269312
-0.269312
0.269312
0.269312
0.269312
0.269312
-0.269312
-0.269312
-0.269312
-0.269312
0.433156
0.433156
0.433156
0.433156
-0.433156
-0.433156
-0.433156
-0.433156
0.433156
0.433156
0.433156
0.433156
-0.433156
-0.433156
-0.433156
-0.433156
0.860143
0.860143
0.860143
0.860143
-0.860143
-0.860143
-0.860143
-0.860143
0.860143
0.860143
0.860143
0.860143
-0.860143
-0.860143
-0.860143
-0.860143
0.141979
0.141979
0.141979
0.141979
-0.141979
-0.141979
-0.141979
-0.141979
0.141979
0.141979
0.141979
0.141979
-0.141979
-0.141979
-0.141979
-0.141979
0.625617
0.625617
0.625617
0.625617
-0.625617
-0.625617
-0.625617
-0.625617
0.625617
0.625617
0.625617
0.625617
-0.625617
-0.625617
-0.625617
-0.625617
0.767102
0.767102
0.767102
0.767102
-0.767102
-0.767102
-0.767102
-0.767102
0.767102
0.767102
0.767102
0.767102
-0.767102
-0.767102
-0.767102
-0.767102
0.0670928
0.0670928
0.0670928
0.0670928
-0.0670928
-0.0670928
-0.0670928
-0.0670928
0.0670928
0.0670928
0.0670928
0.0670928
-0.0670928
-0.0670928
-0.0670928
-0.0670928
0.37984
0.37984
0.37984
0.37984
-0.37984
-0.37984
-0.37984
-0.37984
0.37984
0.37984
0.37984
0.37984
-0.37984
-0.37984
-0.37984
-0.37984
0.922616
0.922616
0.922616
0.922616
-0.922616
-0.922616
-0.922616
-0.922616
0.922616
0.922616
0.922616
0.922616
-0.922616
-0.922616
-0.922616
-0.922616
0.0705774
0.0705774
0.0705774
0.0705774
-0.0705774
-0.0705774
-0.0705774
-0.0705774
0.0705774
0.0705774
0.0705774
0.0705774
-0.0705774
-0.0705774
-0.0705774
-0.0705774
0.551751
0.551751
0.551751
0.551751
-0.551751
-0.551751
-0.551751
-0.551751
0.551751
0.551751
0.551751
0.551751
-0.551751
-0.551751
-0.551751
-0.551751
0.831018
0.831018
0.831018
0.831018
-0.831018
-0.831018
-0.831018
-0.831018
0.831018
0.831018
0.831018
0.831018
-0.831018
-0.831018
-0.831018
-0.831018
0.278389
0.278389
0.278389
0.278389
-0.278389
-0.278389
-0.278389
-0.278389
0.278389
0.278389
0.278389
0.278389
-0.278389
-0.278389
-0.278389
-0.278389
0.602962
0.602962
0.602962
0.602962
-0.602962
-0.602962
-0.602962
-0.602962
0.602962
0.602962
0.602962
0.602962
-0.602962
-0.602962
-0.602962
-0.602962
0.747621
0.747621
0.747621
0.747621
-0.747621
-0.747621
-0.747621
-0.747621
0.747621
0.747621
0.747621
0.747621
-0.747621
-0.747621
-0.747621
-0.747621
0.197958
0.197958
0.197958
0.197958
-0.197958
-0.197958
-0.197958
-0.197958
0.197958
0.197958
0.197958
0.197958
-0.197958
-0.197958
-0.197958
-0.197958
0.358961
0.358961
0.358961
0.358961
-0.358961
-0.358961
-0.358961
-0.358961
0.358961
0.358961
0.358961
0.358961
-0.358961
-0.358961
-0.358961
-0.358961
0.912118
0.912118
0.912118
0.912118
-0.912118
-0.912118
-0.912118
-0.912118
0.912118
0.912118
0.912118
0.912118
-0.912118
-0.912118
-0.912118
-0.912118
0.208731
0.208731
0.208731
0.208731
-0.208731
-0.208731
-0.208731
-0.208731
0.208731
0.208731
0.208731
0.208731
-0.208731
-0.208731
-0.208731
-0.208731
0.534867
0.534867
0.534867
0.534867
-0.534867
-0.534867
-0.534867
-0.534867
0.534867
0.534867
0.534867
0.534867
-0.534867
-0.534867
-0.534867
-0.534867
0.818749
0.818749
0.818749
0.818749
-0.818749
-0.818749
-0.818749
-0.818749
0.818749
0.818749
0.818749
0.818749
-0.818749
-0.818749
-0.818749
-0.818749
0.405512
0.405512
0.405512
0.405512
-0.405512
-0.405512
-0.405512
-0.405512
0.405512
0.405512
0.405512
0.405512
-0.405512
-0.405512
-0.405512
-0.405512
0.5675
0.5675
0.5675
0.5675
-0.5675
-0.5675
-0.5675
-0.5675
0.5675
0.5675
0.5675
0.5675
-0.5675
-0.5675
-0.5675
-0.5675
0.716592
0.716592
0.716592
0.716592
-0.716592
-0.716592
-0.716592
-0.716592
0.716592
0.716592
0.716592
0.716592
-0.716592
-0.716592
-0.716592
-0.716592
1
0
0.992324
0.123669
0
0
-1
0
0.123669
0.992324
0.123669
0.123669
-0.992324
-0.123669
-0.992324
-0.123669
0
0
0.992324
0.992324
-0.123669
-0.992324
-0.992324
-0.123669
0
0
0
0
-0.294078
-0.955782
0
0
0.294078
0.955782
0.294078
0.955782
-0.294078
-0.294078
-0.294078
-0.955782
0.955782
0.955782
0.294078
0.294078
-0.955782
-0.955782
0
0
0
0
0
0.469775
0
0
-0.469775
0
0.469775
0.882786
0.882786
0.469775
-0.469775
-0.882786
-0.469775
-0.882786
0.469775
0.882786
0.882786
0
-0.882786
-0.469775
0
-0.882786
0
0
0
0
0
0
-0.633456
-0.773778
0.773778
0.633456
0.773778
0.633456
-0.633456
-0.773778
-0.633456
-0.633456
0.773778
0.633456
0.633456
0.773778
-0.773778
-0.773778
0
0
0
0
0
0
0
0
0.57735
0.57735
-0.57735
-0.57735
0.57735
0.57735
-0.57735
-0.57735
0.0429296
0.0429296
-0.0429296
-0.0429296
0.0429296
0.0429296
-0.0429296
-0.0429296
0.998155
0.998155
-0.998155
-0.998155
0.998155
0.998155
-0.998155
-0.998155
0.0429296
0.0429296
-0.0429296
-0.0429296
0.0429296
0.0429296
-0.0429296
-0.0429296
0.105143
0.105143
-0.105143
-0.105143
0.105143
0.105143
-0.105143
-0.105143
0.988883
0.988883
-0.988883
-0.988883
0.988883
0.988883
-0.988883
-0.988883
0.105143
0.105143
-0.105143
-0.105143
0.105143
0.105143
-0.105143
-0.105143
0.175002
0.175002
-0.175002
-0.175002
0.175002
0.175002
-0.175002
-0.175002
0.96889
0.96889
-0.96889
-0.96889
0.96889
0.96889
-0.96889
-0.96889
0.175002
0.175002
-0.175002
-0.175002
0.175002
0.175002
-0.175002
-0.175002
0.247765
0.247765
-0.247765
-0.247765
0.247765
0.247765
-0.247765
-0.247765
0.936603
0.936603
-0.936603
-0.936603
0.936603
0.936603
-0.936603
-0.936603
0.247765
0.247765
-0.247765
-0.247765
0.247765
0.247765
-0.247765
-0.247765
0.320657
0.320657
-0.320657
-0.320657
0.320657
0.320657
-0.320657
-0.320657
0.891268
0.891268
-0.891268
-0.891268
0.891268
0.891268
-0.891268
-0.891268
0.320657
0.320657
-0.320657
-0.320657
0.320657
0.320657
-0.320657
-0.320657
0.391652
0.391652
-0.391652
-0.391652
0.391652
0.391652
-0.391652
-0.391652
0.832597
0.832597
-0.832597
-0.832597
0.832597
0.832597
-0.832597
-0.832597
0.391652
0.391652
-0.391652
-0.391652
0.391652
0.391652
-0.391652
-0.391652
0.459083
0.459083
-0.459083
-0.459083
0.459083
0.459083
-0.459083
-0.459083
0.760583
0.760583
-0.760583
-0.760583
0.760583
0.760583
-0.760583
-0.760583
0.459083
0.459083
-0.459083
-0.459083
0.459083
0.459083
-0.459083
-0.459083
0.521456
0.521456
-0.521456
-0.521456
0.521456
0.521456
-0.521456
-0.521456
0.675401
0.675401
-0.675401
-0.675401
0.675401
0.675401
-0.675401
-0.675401
0.521456
0.521456
-0.521456
-0.521456
0.521456
0.521456
-0.521456
-0.521456
0.625317
0.625317
-0.625317
-0.625317
0.625317
0.625317
-0.625317
-0.625317
0.466859
0.466859
-0.466859
-0.466859
0.466859
0.466859
-0.466859
-0.466859
0.625317
0.625317
-0.625317
-0.625317
0.625317
0.625317
-0.625317
-0.625317
0.663793
0.663793
-0.663793
-0.663793
0.663793
0.663793
-0.663793
-0.663793
0.344614
0.344614
-0.344614
-0.344614
0.344614
0.344614
-0.344614
-0.344614
0.663793
0.663793
-0.663793
-0.663793
0.663793
0.663793
-0.663793
-0.663793
0.691041
0.691041
-0.691041
-0.691041
0.691041
0.691041
-0.691041
-0.691041
0.211954
0.211954
-0.211954
-0.211954
0.211954
0.211954
-0.211954
-0.211954
0.691041
0.691041
-0.691041
-0.691041
0.691041
0.691041
-0.691041
-0.691041
0.705291
0.705291
-0.705291
-0.705291
0.705291
0.705291
-0.705291
-0.705291
0.0716244
0.0716244
-0.0716244
-0.0716244
0.0716244
0.0716244
-0.0716244
-0.0716244
0.705291
0.705291
-0.705291
-0.705291
0.705291
0.705291
-0.705291
-0.705291
0.202913
0.202913
-0.202913
-0.202913
0.202913
0.202913
-0.202913
-0.202913
0.977373
0.977373
-0.977373
-0.977373
0.977373
0.977373
-0.977373
-0.977373
0.0597405
0.0597405
-0.0597405
-0.0597405
0.0597405
0.0597405
-0.0597405
-0.0597405
0.977373
0.977373
-0.977373
-0.977373
0.977373
0.977373
-0.977373
-0.977373
0.0597405
0.0597405
-0.0597405
-0.0597405
0.0597405
0.0597405
-0.0597405
-0.0597405
0.202913
0.202913
-0.202913
-0.202913
0.202913
0.202913
-0.202913
-0.202913
0.460262
0.460262
-0.460262
-0.460262
0.460262
0.460262
-0.460262
-0.460262
0.877058
0.877058
-0.877058
-0.877058
0.877058
0.877058
-0.877058
-0.877058
0.137576
0.137576
-0.137576
-0.137576
0.137576
0.137576
-0.137576
-0.137576
0.877058
0.877058
-0.877058
-0.877058
0.877058
0.877058
-0.877058
-0.877058
0.137576
0.137576
-0.137576
-0.137576
0.137576
0.137576
-0.137576
-0.137576
0.460262
0.460262
-0.460262
-0.460262
0.460262
0.460262
-0.460262
-0.460262
0.503067
0.503067
-0.503067
-0.503067
0.503067
0.503067
-0.503067
-0.503067
0.794942
0.794942
-0.794942
-0.794942
0.794942
0.794942
-0.794942
-0.794942
0.339102
0.339102
-0.339102
-0.339102
0.339102
0.339102
-0.339102
-0.339102
0.794942
0.794942
-0.794942
-0.794942
0.794942
0.794942
-0.794942
-0.794942
0.339102
0.339102
-0.339102
-0.339102
0.339102
0.339102
-0.339102
-0.339102
0.503067
0.503067
-0.503067
-0.503067
0.503067
0.503067
-0.503067
-0.503067
0.281761
0.281761
-0.281761
-0.281761
0.281761
0.281761
-0.281761
-0.281761
0.95102
0.95102
-0.95102
-0.95102
0.95102
0.95102
-0.95102
-0.95102
0.127168
0.127168
-0.127168
-0.127168
0.127168
0.127168
-0.127168
-0.127168
0.95102
0.95102
-0.95102
-0.95102
0.95102
0.95102
-0.95102
-0.95102
0.127168
0.127168
-0.127168
-0.127168
0.127168
0.127168
-0.127168
-0.127168
0.281761
0.281761
-0.281761
-0.281761
0.281761
0.281761
-0.281761
-0.281761
0.433156
0.433156
-0.433156
-0.433156
0.433156
0.433156
-0.433156
-0.433156
0.860143
0.860143
-0.860143
-0.860143
0.860143
0.860143
-0.860143
-0.860143
0.269312
0.269312
-0.269312
-0.269312
0.269312
0.269312
-0.269312
-0.269312
0.860143
0.860143
-0.860143
-0.860143
0.860143
0.860143
-0.860143
-0.860143
0.269312
0.269312
-0.269312
-0.269312
0.269312
0.269312
-0.269312
-0.269312
0.433156
0.433156
-0.433156
-0.433156
0.433156
0.433156
-0.433156
-0.433156
0.625617
0.625617
-0.625617
-0.625617
0.625617
0.625617
-0.625617
-0.625617
0.767102
0.767102
-0.767102
-0.767102
0.767102
0.767102
-0.767102
-0.767102
0.141979
0.141979
-0.141979
-0.141979
0.141979
0.141979
-0.141979
-0.141979
0.767102
0.767102
-0.767102
-0.767102
0.767102
0.767102
-0.767102
-0.767102
0.141979
0.141979
-0.141979
-0.141979
0.141979
0.141979
-0.141979
-0.141979
0.625617
0.625617
-0.625617
-0.625617
0.625617
0.625617
-0.625617
-0.625617
0.37984
0.37984
-0.37984
-0.37984
0.37984
0.37984
-0.37984
-0.37984
0.922616
0.922616
-0.922616
-0.922616
0.922616
0.922616
-0.922616
-0.922616
0.0670928
0.0670928
-0.0670928
-0.0670928
0.0670928
0.0670928
-0.0670928
-0.0670928
0.922616
0.922616
-0.922616
-0.922616
0.922616
0.922616
-0.922616
-0.922616
0.0670928
0.0670928
-0.0670928
-0.0670928
0.0670928
0.0670928
-0.0670928
-0.0670928
0.37984
0.37984
-0.37984
-0.37984
0.37984
0.37984
-0.37984
-0.37984
0.551751
0.551751
-0.551751
-0.551751
0.551751
0.551751
-0.551751
-0.551751
0.831018
0.831018
-0.831018
-0.831018
0.831018
0.831018
-0.831018
-0.831018
0.0705774
0.0705774
-0.0705774
-0.0705774
0.0705774
0.0705774
-0.0705774
-0.0705774
0.831018
0.831018
-0.831018
-0.831018
0.831018
0.831018
-0.831018
-0.831018
0.0705774
0.0705774
-0.0705774
-0.0705774
0.0705774
0.0705774
-0.0705774
-0.0705774
0.551751
0.551751
-0.551751
-0.551751
0.551751
0.551751
-0.551751
-0.551751
0.602962
0.602962
-0.602962
-0.602962
0.602962
0.602962
-0.602962
-0.602962
0.747621
0.747621
-0.747621
-0.747621
0.747621
0.747621
-0.747621
-0.747621
0.278389
0.278389
-0.278389
-0.278389
0.278389
0.278389
-0.278389
-0.278389
0.747621
0.747621
-0.747621
-0.747621
0.747621
0.747621
-0.747621
-0.747621
0.278389
0.278389
-0.278389
-0.278389
0.278389
0.278389
-0.278389
-0.278389
0.602962
0.602962
-0.602962
-0.602962
0.602962
0.602962
-0.602962
-0.602962
0.358961
0.358961
-0.358961
-0.358961
0.358961
0.358961
-0.358961
-0.358961
0.912118
0.912118
-0.912118
-0.912118
0.912118
0.912118
-0.912118
-0.912118
0.197958
0.197958
-0.197958
-0.197958
0.197958
0.197958
-0.197958
-0.197958
0.912118
0.912118
-0.912118
-0.912118
0.912118
0.912118
-0.912118
-0.912118
0.197958
0.197958
-0.197958
-0.197958
0.197958
0.197958
-0.197958
-0.197958
0.358961
0.358961
-0.358961
-0.358961
0.358961
0.358961
-0.358961
-0.358961
0.534867
0.534867
-0.534867
-0.534867
0.534867
0.534867
-0.534867
-0.534867
0.818749
0.818749
-0.818749
-0.818749
0.818749
0.818749
-0.818749
-0.818749
0.208731
0.208731
-0.208731
-0.208731
0.208731
0.208731
-0.208731
-0.208731
0.818749
0.818749
-0.818749
-0.818749
0.818749
0.818749
-0.818749
-0.818749
0.208731
0.208731
-0.208731
-0.208731
0.208731
0.208731
-0.208731
-0.208731
0.534867
0.534867
-0.534867
-0.534867
0.534867
0.534867
-0.534867
-0.534867
0.5675
0.5675
-0.5675
-0.5675
0.5675
0.5675
-0.5675
-0.5675
0.716592
0.716592
-0.716592
-0.716592
0.716592
0.716592
-0.716592
-0.716592
0.405512
0.405512
-0.405512
-0.405512
0.405512
0.405512
-0.405512
-0.405512
0.716592
0.716592
-0.716592
-0.716592
0.716592
0.716592
-0.716592
-0.716592
0.405512
0.405512
-0.405512
-0.405512
0.405512
0.405512
-0.405512
-0.405512
0.5675
0.5675
-0.5675
-0.5675
0.5675
0.5675
-0.5675
-0.5675
0
1
-0.123669
-0.992324
0
0
0
-1
0.992324
0.123669
0
0
0.123669
0.992324
-0.123669
-0.992324
0.123669
0.123669
0
0
0
0
0
0
0.992324
0.992324
-0.992324
-0.123669
0.955782
0.294078
-0.123669
-0.992324
0.955782
0.294078
-0.955782
-0.294078
0
0
-0.955782
-0.294078
0
0
0
0
0
0
-0.294078
-0.294078
0.955782
0.294078
-0.955782
-0.882786
0.294078
0.955782
-0.882786
-0.955782
0.882786
0.469775
-0.469775
0
0.882786
0.469775
0
-0.469775
0
0
0
-0.469775
0
0
-0.469775
0
0.469775
0.469775
-0.882786
-0.882786
0.882786
0.882786
-0.773778
-0.633456
0.633456
0.773778
-0.633456
-0.773778
0.773778
0.633456
0
0
0
0
0
0
0
0
-0.633456
-0.633456
0.633456
0.773778
-0.773778
-0.773778
0.773778
0.633456
0.57735
-0.57735
0.57735
-0.57735
0.57735
-0.57735
0.57735
-0.57735
0.998155
-0.998155
0.998155
-0.998155
0.998155
-0.998155
0.998155
-0.998155
0.0429296
-0.0429296
0.0429296
-0.0429296
0.0429296
-0.0429296
0.0429296
-0.0429296
0.0429296
-0.0429296
0.0429296
-0.0429296
0.0429296
-0.0429296
0.0429296
-0.0429296
0.988883
-0.988883
0.988883
-0.988883
0.988883
-0.988883
0.988883
-0.988883
0.105143
-0.105143
0.105143
-0.105143
0.105143
-0.105143
0.105143
-0.105143
0.105143
-0.105143
0.105143
-0.105143
0.105143
-0.105143
0.105143
-0.105143
0.96889
-0.96889
0.96889
-0.96889
0.96889
-0.96889
0.96889
-0.96889
0.175002
-0.175002
0.175002
-0.175002
0.175002
-0.175002
0.175002
-0.175002
0.175002
-0.175002
0.175002
-0.175002
0.175002
-0.175002
0.175002
-0.175002
0.936603
-0.936603
0.936603
-0.936603
0.936603
-0.936603
0.936603
-0.936603
0.247765
-0.247765
0.247765
-0.247765
0.247765
-0.247765
0.247765
-0.247765
0.247765
-0.247765
0.247765
-0.247765
0.247765
-0.247765
0.247765
-0.247765
0.891268
-0.891268
0.891268
-0.891268
0.891268
-0.891268
0.891268
-0.891268
0.320657
-0.320657
0.320657
-0.320657
0.320657
-0.320657
0.320657
-0.320657
0.320657
-0.320657
0.320657
-0.320657
0.320657
-0.320657
0.320657
-0.320657
0.832597
-0.832597
0.832597
-0.832597
0.832597
-0.832597
0.832597
-0.832597
0.391652
-0.391652
0.391652
-0.391652
0.391652
-0.391652
0.391652
-0.391652
0.391652
-0.391652
0.391652
-0.391652
0.391652
-0.391652
0.391652
-0.391652
0.760583
-0.760583
0.760583
-0.760583
0.760583
-0.760583
0.760583
-0.760583
0.459083
-0.459083
0.459083
-0.459083
0.459083
-0.459083
0.459083
-0.459083
0.459083
-0.459083
0.459083
-0.459083
0.459083
-0.459083
0.459083
-0.459083
0.675401
-0.675401
0.675401
-0.675401
0.675401
-0.675401
0.675401
-0.675401
0.521456
-0.521456
0.521456
-0.521456
0.521456
-0.521456
0.521456
-0.521456
0.521456
-0.521456
0.521456
-0.521456
0.521456
-0.521456
0.521456
-0.521456
0.466859
-0.466859
0.466859
-0.466859
0.466859
-0.466859
0.466859
-0.466859
0.625317
-0.625317
0.625317
-0.625317
0.625317
-0.625317
0.625317
-0.625317
0.625317
-0.625317
0.625317
-0.625317
0.625317
-0.625317
0.625317
-0.625317
0.344614
-0.344614
0.344614
-0.344614
0.344614
-0.344614
0.344614
-0.344614
0.663793
-0.663793
0.663793
-0.663793
0.663793
-0.663793
0.663793
-0.663793
0.663793
-0.663793
0.663793
-0.663793
0.663793
-0.663793
0.663793
-0.663793
0.211954
-0.211954
0.211954
-0.211954
0.211954
-0.211954
0.211954
-0.211954
0.691041
-0.691041
0.691041
-0.691041
0.691041
-0.691041
0.691041
-0.691041
0.691041
-0.691041
0.691041
-0.691041
0.691041
-0.691041
0.691041
-0.691041
0.0716244
-0.0716244
0.0716244
-0.0716244
0.0716244
-0.0716244
0.0716244
-0.0716244
0.705291
-0.705291
0.705291
-0.705291
0.705291
-0.705291
0.705291
-0.705291
0.705291
-0.705291
0.705291
-0.705291
0.705291
-0.705291
0.705291
-0.705291
0.977373
-0.977373
0.977373
-0.977373
0.977373
-0.977373
0.977373
-0.977373
0.202913
-0.202913
0.202913
-0.202913
0.202913
-0.202913
0.202913
-0.202913
0.977373
-0.977373
0.977373
-0.977373
0.977373
-0.977373
0.977373
-0.977373
0.0597405
-0.0597405
0.0597405
-0.0597405
0.0597405
-0.0597405
0.0597405
-0.0597405
0.202913
-0.202913
0.202913
-0.202913
0.202913
-0.202913
0.202913
-0.202913
0.0597405
-0.0597405
0.0597405
-0.0597405
0.0597405
-0.0597405
0.0597405
-0.0597405
0.877058
-0.877058
0.877058
-0.877058
0.877058
-0.877058
0.877058
-0.877058
0.460262
-0.460262
0.460262
-0.460262
0.460262
-0.460262
0.460262
-0.460262
0.877058
-0.877058
0.877058
-0.877058
0.877058
-0.877058
0.877058
-0.877058
0.137576
-0.137576
0.137576
-0.137576
0.137576
-0.137576
0.137576
-0.137576
0.460262
-0.460262
0.460262
-0.460262
0.460262
-0.460262
0.460262
-0.460262
0.137576
-0.137576
0.137576
-0.137576
0.137576
-0.137576
0.137576
-0.137576
0.794942
-0.794942
0.794942
-0.794942
0.794942
-0.794942
0.794942
-0.794942
0.503067
-0.503067
0.503067
-0.503067
0.503067
-0.503067
0.503067
-0.503067
0.794942
-0.794942
0.794942
-0.794942
0.794942
-0.794942
0.794942
-0.794942
0.339102
-0.339102
0.339102
-0.339102
0.339102
-0.339102
0.339102
-0.339102
0.503067
-0.503067
0.503067
-0.503067
0.503067
-0.503067
0.503067
-0.503067
0.339102
-0.339102
0.339102
-0.339102
0.339102
-0.339102
0.339102
-0.339102
0.95102
-0.95102
0.95102
-0.95102
0.95102
-0.95102
0.95102
-0.95102
0.281761
-0.281761
0.281761
-0.281761
0.281761
-0.281761
0.281761
-0.281761
0.95102
-0.95102
0.95102
-0.95102
0.95102
-0.95102
0.95102
-0.95102
0.127168
-0.127168
0.127168
-0.127168
0.127168
-0.127168
0.127168
-0.127168
0.281761
-0.281761
0.281761
-0.281761
0.281761
-0.281761
0.281761
-0.281761
0.127168
-0.127168
0.127168
-0.127168
0.127168
-0.127168
0.127168
-0.127168
0.860143
-0.860143
0.860143
-0.860143
0.860143
-0.860143
0.860143
-0.860143
0.433156
-0.433156
0.433156
-0.433156
0.433156
-0.433156
0.433156
-0.433156
0.860143
-0.860143
0.860143
-0.860143
0.860143
-0.860143
0.860143
-0.860143
0.269312
-0.269312
0.269312
-0.269312
0.269312
-0.269312
0.269312
-0.269312
0.433156
-0.433156
0.433156
-0.433156
0.433156
-0.433156
0.433156
-0.433156
0.269312
-0.269312
0.269312
-0.269312
0.269312
-0.269312
0.269312
-0.269312
0.767102
-0.767102
0.767102
-0.767102
0.767102
-0.767102
0.767102
-0.767102
0.625617
-0.625617
0.625617
-0.625617
0.625617
-0.625617
0.625617
-0.625617
0.767102
-0.767102
0.767102
-0.767102
0.767102
-0.767102
0.767102
-0.767102
0.141979
-0.141979
0.141979
-0.141979
0.141979
-0.141979
0.141979
-0.141979
0.625617
-0.625617
0.625617
-0.625617
0.625617
-0.625617
0.625617
-0.625617
0.141979
-0.141979
0.141979
-0.141979
0.141979
-0.141979
0.141979
-0.141979
0.922616
-0.922616
0.922616
-0.922616
0.922616
-0.922616
0.922616
-0.922616
0.37984
-0.37984
0.37984
-0.37984
0.37984
-0.37984
0.37984
-0.37984
0.922616
-0.922616
0.922616
-0.922616
0.922616
-0.922616
0.922616
-0.922616
0.0670928
-0.0670928
0.0670928
-0.0670928
0.0670928
-0.0670928
0.0670928
-0.0670928
0.37984
-0.37984
0.37984
-0.37984
0.37984
-0.37984
0.37984
-0.37984
0.0670928
-0.0670928
0.0670928
-0.0670928
0.0670928
-0.0670928
0.0670928
-0.0670928
0.831018
-0.831018
0.831018
-0.831018
0.831018
-0.831018
0.831018
-0.831018
0.551751
-0.551751
0.551751
-0.551751
0.551751
-0.551751
0.551751
-0.551751
0.831018
-0.831018
0.831018
-0.831018
0.831018
-0.831018
0.831018
-0.831018
0.0705774
-0.0705774
0.0705774
-0.0705774
0.0705774
-0.0705774
0.0705774
-0.0705774
0.551751
-0.551751
0.551751
-0.551751
0.551751
-0.551751
0.551751
-0.551751
0.0705774
-0.0705774
0.0705774
-0.0705774
0.0705774
-0.0705774
0.0705774
-0.0705774
0.747621
-0.747621
0.747621
-0.747621
0.747621
-0.747621
0.747621
-0.747621
0.602962
-0.602962
0.602962
-0.602962
0.602962
-0.602962
0.602962
-0.602962
0.747621
-0.747621
0.747621
-0.747621
0.747621
-0.747621
0.747621
-0.747621
0.278389
-0.278389
0.278389
-0.278389
0.278389
-0.278389
0.278389
-0.278389
0.602962
-0.602962
0.602962
-0.602962
0.602962
-0.602962
0.602962
-0.602962
0.278389
-0.278389
0.278389
-0.278389
0.278389
-0.278389
0.278389
-0.278389
0.912118
-0.912118
0.912118
-0.912118
0.912118
-0.912118
0.912118
-0.912118
0.358961
-0.358961
0.358961
-0.358961
0.358961
-0.358961
0.358961
-0.358961
0.912118
-0.912118
0.912118
-0.912118
0.912118
-0.912118
0.912118
-0.912118
0.197958
-0.197958
0.197958
-0.197958
0.197958
-0.197958
0.197958
-0.197958
0.358961
-0.358961
0.358961
-0.358961
0.358961
-0.358961
0.358961
-0.358961
0.197958
-0.197958
0.197958
-0.197958
0.197958
-0.197958
0.197958
-0.197958
0.818749
-0.818749
0.818749
-0.818749
0.818749
-0.818749
0.818749
-0.818749
0.534867
-0.534867
0.534867
-0.534867
0.534867
-0.534867
0.534867
-0.534867
0.818749
-0.818749
0.818749
-0.818749
0.818749
-0.818749
0.818749
-0.818749
0.208731
-0.208731
0.208731
-0.208731
0.208731
-0.208731
0.208731
-0.208731
0.534867
-0.534867
0.534867
-0.534867
0.534867
-0.534867
0.534867
-0.534867
0.208731
-0.208731
0.208731
-0.208731
0.208731
-0.208731
0.208731
-0.208731
0.716592
-0.716592
0.716592
-0.716592
0.716592
-0.716592
0.716592
-0.716592
0.5675
-0.5675
0.5675
-0.5675
0.5675
-0.5675
0.5675
-0.5675
0.716592
-0.716592
0.716592
-0.716592
0.716592
-0.716592
0.716592
-0.716592
0.405512
-0.405512
0.405512
-0.405512
0.405512
-0.405512
0.405512
-0.405512
0.5675
-0.5675
0.5675
-0.5675
0.5675
-0.5675
0.5675
-0.5675
0.405512
-0.405512
0.405512
-0.405512
0.405512
-0.405512
0.405512
-0.405512
0
0
0
0
1
-1
0
0
0
0
0.992324
-0.992324
0
0
0
0
0.992324
-0.992324
0.123669
-0.123669
0.992324
-0.123669
0.123669
-0.992324
0.123669
-0.123669
0.123669
-0.992324
0
0
0.992324
-0.123669
0
0
0
0
0.955782
-0.955782
0
0
0.294078
-0.294078
0.955782
-0.955782
0.294078
-0.294078
0.955782
-0.955782
0.294078
-0.955782
0.294078
0
0.955782
-0.294078
0
-0.294078
0
0
0
-0.882786
0
0
0.882786
0
0.882786
-0.469775
0.469775
-0.882786
0.469775
-0.882786
0.882786
-0.469775
0.882786
-0.882786
0.469775
-0.469775
0.469775
-0.469775
0
0
0
0
0
0
0
0
0.773778
-0.773778
0.633456
-0.773778
0.773778
-0.633456
0.633456
-0.633456
0.773778
-0.773778
0.773778
-0.633456
0.633456
-0.633456
0.633456
-0.773778
0.0141469
0.0141469
0.0141469
0.0141469
0.0141469
0.0141469
0.0141469
0.0141469
0.00621788
0.00621788
0.00621788
0.00621788
0.00621788
0.00621788
0.00621788
0.00621788
0.00621788
0.00621788
0.00621788
0.00621788
0.00621788
0.00621788
0.00621788
0.00621788
0.00621788
0.00621788
0.00621788
0.00621788
0.00621788
0.00621788
0.00621788
0.00621788
0.00924632
0.00924632
0.00924632
0.00924632
0.00924632
0.00924632
0.00924632
0.00924632
0.00924632
0.00924632
0.00924632
0.00924632
0.00924632
0.00924632
0.00924632
0.00924632
0.00924632
0.00924632
0.00924632
0.00924632
0.00924632
0.00924632
0.00924632
0.00924632
0.0111704
0.0111704
0.0111704
0.0111704
0.0111704
0.0111704
0.0111704
0.0111704
0.0111704
0.0111704
0.0111704
0.0111704
0.0111704
0.0111704
0.0111704
0.0111704
0.0111704
0.0111704
0.0111704
0.0111704
0.0111704
0.0111704
0.0111704
0.0111704
0.0124261
0.0124261
0.0124261
0.0124261
0.0124261
0.0124261
0.0124261
0.0124261
0.0124261
0.0124261
0.0124261
0.0124261
0.0124261
0.0124261
0.0124261
0.0124261
0.0124261
0.0124261
0.0124261
0.0124261
0.0124261
0.0124261
0.0124261
0.0124261
0.0132362
0.0132362
0.0132362
0.0132362
0.0132362
0.0132362
0.0132362
0.0132362
0.0132362
0.0132362
0.0132362
0.0132362
0.0132362
0.0132362
0.0132362
0.0132362
0.0132362
0.0132362
0.0132362
0.0132362
0.0132362
0.0132362
0.0132362
0.0132362
0.0137323
0.0137323
0.0137323
0.0137323
0.0137323
0.0137323
0.0137323
0.0137323
0.0137323
0.0137323
0.0137323
0.0137323
0.0137323
0.0137323
0.0137323
0.0137323
0.0137323
0.0137323
0.0137323
0.0137323
0.0137323
0.0137323
0.0137323
0.0137323
0.0140038
0.0140038
0.0140038
0.0140038
0.0140038
0.0140038
0.0140038
0.0140038
0.0140038
0.0140038
0.0140038
0.0140038
0.0140038
0.0140038
0.0140038
0.0140038
0.0140038
0.0140038
0.0140038
0.0140038
0.0140038
0.0140038
0.0140038
0.0140038
0.0141211
0.0141211
0.0141211
0.0141211
0.0141211
0.0141211
0.0141211
0.0141211
0.0141211
0.0141211
0.0141211
0.0141211
0.0141211
0.0141211
0.0141211
0.0141211
0.0141211
0.0141211
0.0141211
0.0141211
0.0141211
0.0141211
0.0141211
0.0141211
0.0141402
0.0141402
0.0141402
0.0141402
0.0141402
0.0141402
0.0141402
0.0141402
0.0141402
0.0141402
0.0141402
0.0141402
0.0141402
0.0141402
0.0141402
0.0141402
0.0141402
0.0141402
0.0141402
0.0141402
0.0141402
0.0141402
0.0141402
0.0141402
0.0141517
0.0141517
0.0141517
0.0141517
0.0141517
0.0141517
0.0141517
0.0141517
0.0141517
0.0141517
0.0141517
0.0141517
0.0141517
0.0141517
0.0141517
0.0141517
0.0141517
0.0141517
0.0141517
0.0141517
0.0141517
0.0141517
0.0141517
0.0141517
0.0142036
0.0142036
0.0142036
0.0142036
0.0142036
0.0142036
0.0142036
0.0142036
0.0142036
0.0142036
0.0142036
0.0142036
0.0142036
0.0142036
0.0142036
0.0142036
0.0142036
0.0142036
0.0142036
0.0142036
0.0142036
0.0142036
0.0142036
0.0142036
0.0142627
0.0142627
0.0142627
0.0142627
0.0142627
0.0142627
0.0142627
0.0142627
0.0142627
0.0142627
0.0142627
0.0142627
0.0142627
0.0142627
0.0142627
0.0142627
0.0142627
0.0142627
0.0142627
0.0142627
0.0142627
0.0142627
0.0142627
0.0142627
0.0106021
0.0106021
0.0106021
0.0106021
0.0106021
0.0106021
0.0106021
0.0106021
0.0106021
0.0106021
0.0106021
0.0106021
0.0106021
0.0106021
0.0106021
0.0106021
0.0106021
0.0106021
0.0106021
0.0106021
0.0106021
0.0106021
0.0106021
0.0106021
0.0106021
0.0106021
0.0106021
0.0106021
0.0106021
0.0106021
0.0106021
0.0106021
0.0106021
0.0106021
0.0106021
0.0106021
0.0106021
0.0106021
0.0106021
0.0106021
0.0106021
0.0106021
0.0106021
0.0106021
0.0106021
0.0106021
0.0106021
0.0106021
0.0135121
0.0135121
0.0135121
0.0135121
0.0135121
0.0135121
0.0135121
0.0135121
0.0135121
0.0135121
0.0135121
0.0135121
0.0135121
0.0135121
0.0135121
0.0135121
0.0135121
0.0135121
0.0135121
0.0135121
0.0135121
0.0135121
0.0135121
0.0135121
0.0135121
0.0135121
0.0135121
0.0135121
0.0135121
0.0135121
0.0135121
0.0135121
0.0135121
0.0135121
0.0135121
0.0135121
0.0135121
0.0135121
0.0135121
0.0135121
0.0135121
0.0135121
0.0135121
0.0135121
0.0135121
0.0135121
0.0135121
0.0135121
0.0139308
0.0139308
0.0139308
0.0139308
0.0139308
0.0139308
0.0139308
0.0139308
0.0139308
0.0139308
0.0139308
0.0139308
0.0139308
0.0139308
0.0139308
0.0139308
0.0139308
0.0139308
0.0139308
0.0139308
0.0139308
0.0139308
0.0139308
0.0139308
0.0139308
0.0139308
0.0139308
0.0139308
0.0139308
0.0139308
0.0139308
0.0139308
0.0139308
0.0139308
0.0139308
0.0139308
0.0139308
0.0139308
0.0139308
0.0139308
0.0139308
0.0139308
0.0139308
0.0139308
0.0139308
0.0139308
0.0139308
0.0139308
0.0120216
0.0120216
0.0120216
0.0120216
0.0120216
0.0120216
0.0120216
0.0120216
0.0120216
0.0120216
0.0120216
0.0120216
0.0120216
0.0120216
0.0120216
0.0120216
0.0120216
0.0120216
0.0120216
0.0120216
0.0120216
0.0120216
0.0120216
0.0120216
0.0120216
0.0120216
0.0120216
0.0120216
0.0120216
0.0120216
0.0120216
0.0120216
0.0120216
0.0120216
0.0120216
0.0120216
0.0120216
0.0120216
0.0120216
0.0120216
0.0120216
0.0120216
0.0120216
0.0120216
0.0120216
0.0120216
0.0120216
0.0120216
0.01358
0.01358
0.01358
0.01358
0.01358
0.01358
0.01358
0.01358
0.01358
0.01358
0.01358
0.01358
0.01358
0.01358
0.01358
0.01358
0.01358
0.01358
0.01358
0.01358
0.01358
0.01358
0.01358
0.01358
0.01358
0.01358
0.01358
0.01358
0.01358
0.01358
0.01358
0.01358
0.01358
0.01358
0.01358
0.01358
0.01358
0.01358
0.01358
0.01358
0.01358
0.01358
0.01358
0.01358
0.01358
0.01358
0.01358
0.01358
0.0141598
0.0141598
0.0141598
0.0141598
0.0141598
0.0141598
0.0141598
0.0141598
0.0141598
0.0141598
0.0141598
0.0141598
0.0141598
0.0141598
0.0141598
0.0141598
0.0141598
0.0141598
0.0141598
0.0141598
0.0141598
0.0141598
0.0141598
0.0141598
0.0141598
0.0141598
0.0141598
0.0141598
0.0141598
0.0141598
0.0141598
0.0141598
0.0141598
0.0141598
0.0141598
0.0141598
0.0141598
0.0141598
0.0141598
0.0141598
0.0141598
0.0141598
0.0141598
0.0141598
0.0141598
0.0141598
0.0141598
0.0141598
0.01285
0.01285
0.01285
0.01285
0.01285
0.01285
0.01285
0.01285
0.01285
0.01285
0.01285
0.01285
0.01285
0.01285
0.01285
0.01285
0.01285
0.01285
0.01285
0.01285
0.01285
0.01285
0.01285
0.01285
0.01285
0.01285
0.01285
0.01285
0.01285
0.01285
0.01285
0.01285
0.01285
0.01285
0.01285
0.01285
0.01285
0.01285
0.01285
0.01285
0.01285
0.01285
0.01285
0.01285
0.01285
0.01285
0.01285
0.01285
0.0139356
0.0139356
0.0139356
0.0139356
0.0139356
0.0139356
0.0139356
0.0139356
0.0139356
0.0139356
0.0139356
0.0139356
0.0139356
0.0139356
0.0139356
0.0139356
0.0139356
0.0139356
0.0139356
0.0139356
0.0139356
0.0139356
0.0139356
0.0139356
0.0139356
0.0139356
0.0139356
0.0139356
0.0139356
0.0139356
0.0139356
0.0139356
0.0139356
0.0139356
0.0139356
0.0139356
0.0139356
0.0139356
0.0139356
0.0139356
0.0139356
0.0139356
0.0139356
0.0139356
0.0139356
0.0139356
0.0139356
0.0139356
0.0141094
0.0141094
0.0141094
0.0141094
0.0141094
0.0141094
0.0141094
0.0141094
0.0141094
0.0141094
0.0141094
0.0141094
0.0141094
0.0141094
0.0141094
0.0141094
0.0141094
0.0141094
0.0141094
0.0141094
0.0141094
0.0141094
0.0141094
0.0141094
0.0141094
0.0141094
0.0141094
0.0141094
0.0141094
0.0141094
0.0141094
0.0141094
0.0141094
0.0141094
0.0141094
0.0141094
0.0141094
0.0141094
0.0141094
0.0141094
0.0141094
0.0141094
0.0141094
0.0141094
0.0141094
0.0141094
0.0141094
0.0141094
0.0129735
0.0129735
0.0129735
0.0129735
0.0129735
0.0129735
0.0129735
0.0129735
0.0129735
0.0129735
0.0129735
0.0129735
0.0129735
0.0129735
0.0129735
0.0129735
0.0129735
0.0129735
0.0129735
0.0129735
0.0129735
0.0129735
0.0129735
0.0129735
0.0129735
0.0129735
0.0129735
0.0129735
0.0129735
0.0129735
0.0129735
0.0129735
0.0129735
0.0129735
0.0129735
0.0129735
0.0129735
0.0129735
0.0129735
0.0129735
0.0129735
0.0129735
0.0129735
0.0129735
0.0129735
0.0129735
0.0129735
0.0129735
0.0139141
0.0139141
0.0139141
0.0139141
0.0139141
0.0139141
0.0139141
0.0139141
0.0139141
0.0139141
0.0139141
0.0139141
0.0139141
0.0139141
0.0139141
0.0139141
0.0139141
0.0139141
0.0139141
0.0139141
0.0139141
0.0139141
0.0139141
0.0139141
0.0139141
0.0139141
0.0139141
0.0139141
0.0139141
0.0139141
0.0139141
0.0139141
0.0139141
0.0139141
0.0139141
0.0139141
0.0139141
0.0139141
0.0139141
0.0139141
0.0139141
0.0139141
0.0139141
0.0139141
0.0139141
0.0139141
0.0139141
0.0139141
0.0140967
0.0140967
0.0140967
0.0140967
0.0140967
0.0140967
0.0140967
0.0140967
0.0140967
0.0140967
0.0140967
0.0140967
0.0140967
0.0140967
0.0140967
0.0140967
0.0140967
0.0140967
0.0140967
0.0140967
0.0140967
0.0140967
0.0140967
0.0140967
0.0140967
0.0140967
0.0140967
0.0140967
0.0140967
0.0140967
0.0140967
0.0140967
0.0140967
0.0140967
0.0140967
0.0140967
0.0140967
0.0140967
0.0140967
0.0140967
0.0140967
0.0140967
0.0140967
0.0140967
0.0140967
0.0140967
0.0140967
0.0140967
0.00180741
0.00180741
0.0085745
0.0085745
0.00180741
0.00180741
0.00180741
0.00180741
0.0085745
0.0085745
0.0085745
0.0085745
0.0085745
0.0085745
0.0085745
0.0085745
0.0085745
0.0085745
0.0085745
0.0085745
0.0085745
0.0085745
0.0085745
0.0085745
0.0085745
0.0085745
0.0085745
0.0085745
0.0118804
0.0118804
0.0085745
0.0085745
0.0118804
0.0118804
0.0118804
0.0118804
0.0118804
0.0118804
0.0118804
0.0118804
0.0118804
0.0118804
0.0118804
0.0118804
0.0118804
0.0118804
0.0118804
0.0118804
0.0118804
0.0118804
0.0118804
0.0135017
0.0118804
0.0118804
0.0135017
0.0118804
0.0135017
0.0135017
0.0135017
0.0135017
0.0135017
0.0135017
0.0135017
0.0135017
0.0135017
0.0135017
0.0135017
0.0135017
0.0135017
0.0135017
0.0135017
0.0135017
0.0135017
0.0135017
0.0135017
0.0135017
0.0135017
0.0135017
0.0141912
0.0141912
0.0141912
0.0141912
0.0141912
0.0141912
0.0141912
0.0141912
0.0141912
0.0141912
0.0141912
0.0141912
0.0141912
0.0141912
0.0141912
0.0141912
0.0141912
0.0141912
0.0141912
0.0141912
0.0141912
0.0141912
0.0141912
0.0141912
