74
1
-1
0
0
0
0
0
0
0
0
0.707107
-0.707107
0.707107
-0.707107
0.707107
-0.707107
0.707107
-0.707107
0.57735
-0.57735
0.57735
-0.57735
0.57735
-0.57735
0.57735
-0.57735
0.480384
-0.480384
0.480384
-0.480384
0.480384
-0.480384
0.480384
-0.480384
0.480384
-0.480384
0.480384
-0.480384
0.480384
-0.480384
0.480384
-0.480384
0.733799
-0.733799
0.733799
-0.733799
0.733799
-0.733799
0.733799
-0.733799
0.320773
-0.320773
0.320773
-0.320773
0.947156
-0.947156
0.947156
-0.947156
0.320773
-0.320773
0.320773
-0.320773
0.947156
-0.947156
0.947156
-0.947156
0
0
0
0
0
0
0
0
0
0
1
-1
0
0
0.707107
-0.707107
0.707107
-0.707107
0
0
0
0
0.707107
0.707107
-0.707107
-0.707107
0.57735
0.57735
-0.57735
-0.57735
0.57735
0.57735
-0.57735
-0.57735
0.480384
0.480384
-0.480384
-0.480384
0.480384
0.480384
-0.480384
-0.480384
0.733799
0.733799
-0.733799
-0.733799
0.733799
0.733799
-0.733799
-0.733799
0.480384
0.480384
-0.480384
-0.480384
0.480384
0.480384
-0.480384
-0.480384
0.947156
0.947156
-0.947156
-0.947156
0.320773
0.320773
-0.320773
-0.320773
0
0
0
0
0
0
0
0
0.320773
-0.320773
0.320773
-0.320773
0.947156
-0.947156
0.947156
-0.947156
0
0
0
0
1
-1
0.707107
0.707107
-0.707107
-0.707107
0.707107
0.707107
-0.707107
-0.707107
0
0
0
0
0.57735
0.57735
0.57735
0.57735
-0.57735
-0.57735
-0.57735
-0.57735
0.733799
0.733799
0.733799
0.733799
-0.733799
-0.733799
-0.733799
-0.733799
0.480384
0.480384
0.480384
0.480384
-0.480384
-0.480384
-0.480384
-0.480384
0.480384
0.480384
0.480384
0.480384
-0.480384
-0.480384
-0.480384
-0.480384
0
0
0
0
0
0
0
0
0.947156
0.947156
-0.947156
-0.947156
0.320773
0.320773
-0.320773
-0.320773
0.947156
0.947156
-0.947156
-0.947156
0.320773
0.320773
-0.320773
-0.320773
0.00644739
0.00644739
0.00644739
0.00644739
0.00644739
0.00644739
0.208653
0.208653
0.208653
0.208653
0.208653
0.208653
0.208653
0.208653
0.208653
0.208653
0.208653
0.208653
-0.371789
-0.371789
-0.371789
-0.371789
-0.371789
-0.371789
-0.371789
-0.371789
0.333966
0.333966
0.333966
0.333966
0.333966
0.333966
0.333966
0.333966
0.333966
0.333966
0.333966
0.333966
0.333966
0.333966
0.333966
0.333966
0.333966
0.333966
0.333966
0.333966
0.333966
0.333966
0.333966
0.333966
0.207624
0.207624
0.207624
0.207624
0.207624
0.207624
0.207624
0.207624
0.207624
0.207624
0.207624
0.207624
0.207624
0.207624
0.207624
0.207624
0.207624
0.207624
0.207624
0.207624
0.207624
0.207624
0.207624
0.207624
