194
1
-1
0
0
0
0
0
0
0
0
0.707107
-0.707107
0.707107
-0.707107
0.707107
-0.707107
0.707107
-0.707107
0.57735
-0.57735
0.57735
-0.57735
0.57735
-0.57735
0.57735
-0.57735
0.671297
-0.671297
0.671297
-0.671297
0.671297
-0.671297
0.671297
-0.671297
0.671297
-0.671297
0.671297
-0.671297
0.671297
-0.671297
0.671297
-0.671297
0.314197
-0.314197
0.314197
-0.314197
0.314197
-0.314197
0.314197
-0.314197
0.289247
-0.289247
0.289247
-0.289247
0.289247
-0.289247
0.289247
-0.289247
0.289247
-0.289247
0.289247
-0.289247
0.289247
-0.289247
0.289247
-0.289247
0.912509
-0.912509
0.912509
-0.912509
0.912509
-0.912509
0.912509
-0.912509
0.444693
-0.444693
0.444693
-0.444693
0.444693
-0.444693
0.444693
-0.444693
0.444693
-0.444693
0.444693
-0.444693
0.444693
-0.444693
0.444693
-0.444693
0.777493
-0.777493
0.777493
-0.777493
0.777493
-0.777493
0.777493
-0.777493
0.129934
-0.129934
0.129934
-0.129934
0.129934
-0.129934
0.129934
-0.129934
0.129934
-0.129934
0.129934
-0.129934
0.129934
-0.129934
0.129934
-0.129934
0.982972
-0.982972
0.982972
-0.982972
0.982972
-0.982972
0.982972
-0.982972
0.34577
-0.34577
0.34577
-0.34577
0.938319
-0.938319
0.938319
-0.938319
0.34577
-0.34577
0.34577
-0.34577
0.938319
-0.938319
0.938319
-0.938319
0
0
0
0
0
0
0
0
0.159042
-0.159042
0.159042
-0.159042
0.159042
-0.159042
0.159042
-0.159042
0.159042
-0.159042
0.159042
-0.159042
0.159042
-0.159042
0.159042
-0.159042
0.836036
-0.836036
0.836036
-0.836036
0.836036
-0.836036
0.836036
-0.836036
0.836036
-0.836036
0.836036
-0.836036
0.836036
-0.836036
0.836036
-0.836036
0.525119
-0.525119
0.525119
-0.525119
0.525119
-0.525119
0.525119
-0.525119
0.525119
-0.525119
0.525119
-0.525119
0.525119
-0.525119
0.525119
-0.525119
0
0
1
-1
0
0
0.707107
-0.707107
0.707107
-0.707107
0
0
0
0
0.707107
0.707107
-0.707107
-0.707107
0.57735
0.57735
-0.57735
-0.57735
0.57735
0.57735
-0.57735
-0.57735
0.671297
0.671297
-0.671297
-0.671297
0.671297
0.671297
-0.671297
-0.671297
0.314197
0.314197
-0.314197
-0.314197
0.314197
0.314197
-0.314197
-0.314197
0.671297
0.671297
-0.671297
-0.671297
0.671297
0.671297
-0.671297
-0.671297
0.289247
0.289247
-0.289247
-0.289247
0.289247
0.289247
-0.289247
-0.289247
0.912509
0.912509
-0.912509
-0.912509
0.912509
0.912509
-0.912509
-0.912509
0.289247
0.289247
-0.289247
-0.289247
0.289247
0.289247
-0.289247
-0.289247
0.444693
0.444693
-0.444693
-0.444693
0.444693
0.444693
-0.444693
-0.444693
0.777493
0.777493
-0.777493
-0.777493
0.777493
0.777493
-0.777493
-0.777493
0.444693
0.444693
-0.444693
-0.444693
0.444693
0.444693
-0.444693
-0.444693
0.129934
0.129934
-0.129934
-0.129934
0.129934
0.129934
-0.129934
-0.129934
0.982972
0.982972
-0.982972
-0.982972
0.982972
0.982972
-0.982972
-0.982972
0.129934
0.129934
-0.129934
-0.129934
0.129934
0.129934
-0.129934
-0.129934
0.938319
0.938319
-0.938319
-0.938319
0.34577
0.34577
-0.34577
-0.34577
0
0
0
0
0
0
0
0
0.34577
-0.34577
0.34577
-0.34577
0.938319
-0.938319
0.938319
-0.938319
0.836036
0.836036
-0.836036
-0.836036
0.836036
0.836036
-0.836036
-0.836036
0.525119
0.525119
-0.525119
-0.525119
0.525119
0.525119
-0.525119
-0.525119
0.159042
0.159042
-0.159042
-0.159042
0.159042
0.159042
-0.159042
-0.159042
0.525119
0.525119
-0.525119
-0.525119
0.525119
0.525119
-0.525119
-0.525119
0.159042
0.159042
-0.159042
-0.159042
0.159042
0.159042
-0.159042
-0.159042
0.836036
0.836036
-0.836036
-0.836036
0.836036
0.836036
-0.836036
-0.836036
0
0
0
0
1
-1
0.707107
0.707107
-0.707107
-0.707107
0.707107
0.707107
-0.707107
-0.707107
0
0
0
0
0.57735
0.57735
0.57735
0.57735
-0.57735
-0.57735
-0.57735
-0.57735
0.314197
0.314197
0.314197
0.314197
-0.314197
-0.314197
-0.314197
-0.314197
0.671297
0.671297
0.671297
0.671297
-0.671297
-0.671297
-0.671297
-0.671297
0.671297
0.671297
0.671297
0.671297
-0.671297
-0.671297
-0.671297
-0.671297
0.912509
0.912509
0.912509
0.912509
-0.912509
-0.912509
-0.912509
-0.912509
0.289247
0.289247
0.289247
0.289247
-0.289247
-0.289247
-0.289247
-0.289247
0.289247
0.289247
0.289247
0.289247
-0.289247
-0.289247
-0.289247
-0.289247
0.777493
0.777493
0.777493
0.777493
-0.777493
-0.777493
-0.777493
-0.777493
0.444693
0.444693
0.444693
0.444693
-0.444693
-0.444693
-0.444693
-0.444693
0.444693
0.444693
0.444693
0.444693
-0.444693
-0.444693
-0.444693
-0.444693
0.982972
0.982972
0.982972
0.982972
-0.982972
-0.982972
-0.982972
-0.982972
0.129934
0.129934
0.129934
0.129934
-0.129934
-0.129934
-0.129934
-0.129934
0.129934
0.129934
0.129934
0.129934
-0.129934
-0.129934
-0.129934
-0.129934
0
0
0
0
0
0
0
0
0.938319
0.938319
-0.938319
-0.938319
0.34577
0.34577
-0.34577
-0.34577
0.938319
0.938319
-0.938319
-0.938319
0.34577
0.34577
-0.34577
-0.34577
0.525119
0.525119
0.525119
0.525119
-0.525119
-0.525119
-0.525119
-0.525119
0.836036
0.836036
0.836036
0.836036
-0.836036
-0.836036
-0.836036
-0.836036
0.525119
0.525119
0.525119
0.525119
-0.525119
-0.525119
-0.525119
-0.525119
0.159042
0.159042
0.159042
0.159042
-0.159042
-0.159042
-0.159042
-0.159042
0.836036
0.836036
0.836036
0.836036
-0.836036
-0.836036
-0.836036
-0.836036
0.159042
0.159042
0.159042
0.159042
-0.159042
-0.159042
-0.159042
-0.159042
0.0223976
0.0223976
0.0223976
0.0223976
0.0223976
0.0223976
0.0718408
0.0718408
0.0718408
0.0718408
0.0718408
0.0718408
0.0718408
0.0718408
0.0718408
0.0718408
0.0718408
0.0718408
0.0700372
0.0700372
0.0700372
0.0700372
0.0700372
0.0700372
0.0700372
0.0700372
0.0704811
0.0704811
0.0704811
0.0704811
0.0704811
0.0704811
0.0704811
0.0704811
0.0704811
0.0704811
0.0704811
0.0704811
0.0704811
0.0704811
0.0704811
0.0704811
0.0704811
0.0704811
0.0704811
0.0704811
0.0704811
0.0704811
0.0704811
0.0704811
0.0648203
0.0648203
0.0648203
0.0648203
0.0648203
0.0648203
0.0648203
0.0648203
0.0648203
0.0648203
0.0648203
0.0648203
0.0648203
0.0648203
0.0648203
0.0648203
0.0648203
0.0648203
0.0648203
0.0648203
0.0648203
0.0648203
0.0648203
0.0648203
0.0693509
0.0693509
0.0693509
0.0693509
0.0693509
0.0693509
0.0693509
0.0693509
0.0693509
0.0693509
0.0693509
0.0693509
0.0693509
0.0693509
0.0693509
0.0693509
0.0693509
0.0693509
0.0693509
0.0693509
0.0693509
0.0693509
0.0693509
0.0693509
0.0516073
0.0516073
0.0516073
0.0516073
0.0516073
0.0516073
0.0516073
0.0516073
0.0516073
0.0516073
0.0516073
0.0516073
0.0516073
0.0516073
0.0516073
0.0516073
0.0516073
0.0516073
0.0516073
0.0516073
0.0516073
0.0516073
0.0516073
0.0516073
0.0634834
0.0634834
0.0634834
0.0634834
0.0634834
0.0634834
0.0634834
0.0634834
0.0634834
0.0634834
0.0634834
0.0634834
0.0634834
0.0634834
0.0634834
0.0634834
0.0634834
0.0634834
0.0634834
0.0634834
0.0634834
0.0634834
0.0634834
0.0634834
0.0694952
0.0694952
0.0694952
0.0694952
0.0694952
0.0694952
0.0694952
0.0694952
0.0694952
0.0694952
0.0694952
0.0694952
0.0694952
0.0694952
0.0694952
0.0694952
0.0694952
0.0694952
0.0694952
0.0694952
0.0694952
0.0694952
0.0694952
0.0694952
0.0694952
0.0694952
0.0694952
0.0694952
0.0694952
0.0694952
0.0694952
0.0694952
0.0694952
0.0694952
0.0694952
0.0694952
0.0694952
0.0694952
0.0694952
0.0694952
0.0694952
0.0694952
0.0694952
0.0694952
0.0694952
0.0694952
0.0694952
0.0694952
