266
1
-1
0
0
0
0
0
0
0
0
0.707107
-0.707107
0.707107
-0.707107
0.707107
-0.707107
0.707107
-0.707107
0.57735
-0.57735
0.57735
-0.57735
0.57735
-0.57735
0.57735
-0.57735
0.703937
-0.703937
0.703937
-0.703937
0.703937
-0.703937
0.703937
-0.703937
0.703937
-0.703937
0.703937
-0.703937
0.703937
-0.703937
0.703937
-0.703937
0.0945751
-0.0945751
0.0945751
-0.0945751
0.0945751
-0.0945751
0.0945751
-0.0945751
0.101253
-0.101253
0.101253
-0.101253
0.101253
-0.101253
0.101253
-0.101253
0.101253
-0.101253
0.101253
-0.101253
0.101253
-0.101253
0.101253
-0.101253
0.989695
-0.989695
0.989695
-0.989695
0.989695
-0.989695
0.989695
-0.989695
0.464745
-0.464745
0.464745
-0.464745
0.464745
-0.464745
0.464745
-0.464745
0.464745
-0.464745
0.464745
-0.464745
0.464745
-0.464745
0.464745
-0.464745
0.753674
-0.753674
0.753674
-0.753674
0.753674
-0.753674
0.753674
-0.753674
0.327742
-0.327742
0.327742
-0.327742
0.327742
-0.327742
0.327742
-0.327742
0.327742
-0.327742
0.327742
-0.327742
0.327742
-0.327742
0.327742
-0.327742
0.886098
-0.886098
0.886098
-0.886098
0.886098
-0.886098
0.886098
-0.886098
0.662034
-0.662034
0.662034
-0.662034
0.662034
-0.662034
0.662034
-0.662034
0.662034
-0.662034
0.662034
-0.662034
0.662034
-0.662034
0.662034
-0.662034
0.351315
-0.351315
0.351315
-0.351315
0.351315
-0.351315
0.351315
-0.351315
0.850651
-0.850651
0.850651
-0.850651
0.525731
-0.525731
0.525731
-0.525731
0.850651
-0.850651
0.850651
-0.850651
0.525731
-0.525731
0.525731
-0.525731
0
0
0
0
0
0
0
0
0.323348
-0.323348
0.323348
-0.323348
0.323348
-0.323348
0.323348
-0.323348
0.323348
-0.323348
0.323348
-0.323348
0.323348
-0.323348
0.323348
-0.323348
0.115311
-0.115311
0.115311
-0.115311
0.115311
-0.115311
0.115311
-0.115311
0.115311
-0.115311
0.115311
-0.115311
0.115311
-0.115311
0.115311
-0.115311
0.939228
-0.939228
0.939228
-0.939228
0.939228
-0.939228
0.939228
-0.939228
0.939228
-0.939228
0.939228
-0.939228
0.939228
-0.939228
0.939228
-0.939228
0.231479
-0.231479
0.231479
-0.231479
0.231479
-0.231479
0.231479
-0.231479
0.231479
-0.231479
0.231479
-0.231479
0.231479
-0.231479
0.231479
-0.231479
0.524494
-0.524494
0.524494
-0.524494
0.524494
-0.524494
0.524494
-0.524494
0.524494
-0.524494
0.524494
-0.524494
0.524494
-0.524494
0.524494
-0.524494
0.819343
-0.819343
0.819343
-0.819343
0.819343
-0.819343
0.819343
-0.819343
0.819343
-0.819343
0.819343
-0.819343
0.819343
-0.819343
0.819343
-0.819343
0
0
1
-1
0
0
0.707107
-0.707107
0.707107
-0.707107
0
0
0
0
0.707107
0.707107
-0.707107
-0.707107
0.57735
0.57735
-0.57735
-0.57735
0.57735
0.57735
-0.57735
-0.57735
0.703937
0.703937
-0.703937
-0.703937
0.703937
0.703937
-0.703937
-0.703937
0.0945751
0.0945751
-0.0945751
-0.0945751
0.0945751
0.0945751
-0.0945751
-0.0945751
0.703937
0.703937
-0.703937
-0.703937
0.703937
0.703937
-0.703937
-0.703937
0.101253
0.101253
-0.101253
-0.101253
0.101253
0.101253
-0.101253
-0.101253
0.989695
0.989695
-0.989695
-0.989695
0.989695
0.989695
-0.989695
-0.989695
0.101253
0.101253
-0.101253
-0.101253
0.101253
0.101253
-0.101253
-0.101253
0.464745
0.464745
-0.464745
-0.464745
0.464745
0.464745
-0.464745
-0.464745
0.753674
0.753674
-0.753674
-0.753674
0.753674
0.753674
-0.753674
-0.753674
0.464745
0.464745
-0.464745
-0.464745
0.464745
0.464745
-0.464745
-0.464745
0.327742
0.327742
-0.327742
-0.327742
0.327742
0.327742
-0.327742
-0.327742
0.886098
0.886098
-0.886098
-0.886098
0.886098
0.886098
-0.886098
-0.886098
0.327742
0.327742
-0.327742
-0.327742
0.327742
0.327742
-0.327742
-0.327742
0.662034
0.662034
-0.662034
-0.662034
0.662034
0.662034
-0.662034
-0.662034
0.351315
0.351315
-0.351315
-0.351315
0.351315
0.351315
-0.351315
-0.351315
0.662034
0.662034
-0.662034
-0.662034
0.662034
0.662034
-0.662034
-0.662034
0.525731
0.525731
-0.525731
-0.525731
0.850651
0.850651
-0.850651
-0.850651
0
0
0
0
0
0
0
0
0.850651
-0.850651
0.850651
-0.850651
0.525731
-0.525731
0.525731
-0.525731
0.115311
0.115311
-0.115311
-0.115311
0.115311
0.115311
-0.115311
-0.115311
0.939228
0.939228
-0.939228
-0.939228
0.939228
0.939228
-0.939228
-0.939228
0.323348
0.323348
-0.323348
-0.323348
0.323348
0.323348
-0.323348
-0.323348
0.939228
0.939228
-0.939228
-0.939228
0.939228
0.939228
-0.939228
-0.939228
0.323348
0.323348
-0.323348
-0.323348
0.323348
0.323348
-0.323348
-0.323348
0.115311
0.115311
-0.115311
-0.115311
0.115311
0.115311
-0.115311
-0.115311
0.524494
0.524494
-0.524494
-0.524494
0.524494
0.524494
-0.524494
-0.524494
0.819343
0.819343
-0.819343
-0.819343
0.819343
0.819343
-0.819343
-0.819343
0.231479
0.231479
-0.231479
-0.231479
0.231479
0.231479
-0.231479
-0.231479
0.819343
0.819343
-0.819343
-0.819343
0.819343
0.819343
-0.819343
-0.819343
0.231479
0.231479
-0.231479
-0.231479
0.231479
0.231479
-0.231479
-0.231479
0.524494
0.524494
-0.524494
-0.524494
0.524494
0.524494
-0.524494
-0.524494
0
0
0
0
1
-1
0.707107
0.707107
-0.707107
-0.707107
0.707107
0.707107
-0.707107
-0.707107
0
0
0
0
0.57735
0.57735
0.57735
0.57735
-0.57735
-0.57735
-0.57735
-0.57735
0.0945751
0.0945751
0.0945751
0.0945751
-0.0945751
-0.0945751
-0.0945751
-0.0945751
0.703937
0.703937
0.703937
0.703937
-0.703937
-0.703937
-0.703937
-0.703937
0.703937
0.703937
0.703937
0.703937
-0.703937
-0.703937
-0.703937
-0.703937
0.989695
0.989695
0.989695
0.989695
-0.989695
-0.989695
-0.989695
-0.989695
0.101253
0.101253
0.101253
0.101253
-0.101253
-0.101253
-0.101253
-0.101253
0.101253
0.101253
0.101253
0.101253
-0.101253
-0.101253
-0.101253
-0.101253
0.753674
0.753674
0.753674
0.753674
-0.753674
-0.753674
-0.753674
-0.753674
0.464745
0.464745
0.464745
0.464745
-0.464745
-0.464745
-0.464745
-0.464745
0.464745
0.464745
0.464745
0.464745
-0.464745
-0.464745
-0.464745
-0.464745
0.886098
0.886098
0.886098
0.886098
-0.886098
-0.886098
-0.886098
-0.886098
0.327742
0.327742
0.327742
0.327742
-0.327742
-0.327742
-0.327742
-0.327742
0.327742
0.327742
0.327742
0.327742
-0.327742
-0.327742
-0.327742
-0.327742
0.351315
0.351315
0.351315
0.351315
-0.351315
-0.351315
-0.351315
-0.351315
0.662034
0.662034
0.662034
0.662034
-0.662034
-0.662034
-0.662034
-0.662034
0.662034
0.662034
0.662034
0.662034
-0.662034
-0.662034
-0.662034
-0.662034
0
0
0
0
0
0
0
0
0.525731
0.525731
-0.525731
-0.525731
0.850651
0.850651
-0.850651
-0.850651
0.525731
0.525731
-0.525731
-0.525731
0.850651
0.850651
-0.850651
-0.850651
0.939228
0.939228
0.939228
0.939228
-0.939228
-0.939228
-0.939228
-0.939228
0.115311
0.115311
0.115311
0.115311
-0.115311
-0.115311
-0.115311
-0.115311
0.939228
0.939228
0.939228
0.939228
-0.939228
-0.939228
-0.939228
-0.939228
0.323348
0.323348
0.323348
0.323348
-0.323348
-0.323348
-0.323348
-0.323348
0.115311
0.115311
0.115311
0.115311
-0.115311
-0.115311
-0.115311
-0.115311
0.323348
0.323348
0.323348
0.323348
-0.323348
-0.323348
-0.323348
-0.323348
0.819343
0.819343
0.819343
0.819343
-0.819343
-0.819343
-0.819343
-0.819343
0.524494
0.524494
0.524494
0.524494
-0.524494
-0.524494
-0.524494
-0.524494
0.819343
0.819343
0.819343
0.819343
-0.819343
-0.819343
-0.819343
-0.819343
0.231479
0.231479
0.231479
0.231479
-0.231479
-0.231479
-0.231479
-0.231479
0.524494
0.524494
0.524494
0.524494
-0.524494
-0.524494
-0.524494
-0.524494
0.231479
0.231479
0.231479
0.231479
-0.231479
-0.231479
-0.231479
-0.231479
-0.0165093
-0.0165093
-0.0165093
-0.0165093
-0.0165093
-0.0165093
-0.0317015
-0.0317015
-0.0317015
-0.0317015
-0.0317015
-0.0317015
-0.0317015
-0.0317015
-0.0317015
-0.0317015
-0.0317015
-0.0317015
0.0526136
0.0526136
0.0526136
0.0526136
0.0526136
0.0526136
0.0526136
0.0526136
0.0667924
0.0667924
0.0667924
0.0667924
0.0667924
0.0667924
0.0667924
0.0667924
0.0667924
0.0667924
0.0667924
0.0667924
0.0667924
0.0667924
0.0667924
0.0667924
0.0667924
0.0667924
0.0667924
0.0667924
0.0667924
0.0667924
0.0667924
0.0667924
0.0508579
0.0508579
0.0508579
0.0508579
0.0508579
0.0508579
0.0508579
0.0508579
0.0508579
0.0508579
0.0508579
0.0508579
0.0508579
0.0508579
0.0508579
0.0508579
0.0508579
0.0508579
0.0508579
0.0508579
0.0508579
0.0508579
0.0508579
0.0508579
0.051679
0.051679
0.051679
0.051679
0.051679
0.051679
0.051679
0.051679
0.051679
0.051679
0.051679
0.051679
0.051679
0.051679
0.051679
0.051679
0.051679
0.051679
0.051679
0.051679
0.051679
0.051679
0.051679
0.051679
0.0451835
0.0451835
0.0451835
0.0451835
0.0451835
0.0451835
0.0451835
0.0451835
0.0451835
0.0451835
0.0451835
0.0451835
0.0451835
0.0451835
0.0451835
0.0451835
0.0451835
0.0451835
0.0451835
0.0451835
0.0451835
0.0451835
0.0451835
0.0451835
0.0534841
0.0534841
0.0534841
0.0534841
0.0534841
0.0534841
0.0534841
0.0534841
0.0534841
0.0534841
0.0534841
0.0534841
0.0534841
0.0534841
0.0534841
0.0534841
0.0534841
0.0534841
0.0534841
0.0534841
0.0534841
0.0534841
0.0534841
0.0534841
0.0531505
0.0531505
0.0531505
0.0531505
0.0531505
0.0531505
0.0531505
0.0531505
0.0531505
0.0531505
0.0531505
0.0531505
0.0531505
0.0531505
0.0531505
0.0531505
0.0531505
0.0531505
0.0531505
0.0531505
0.0531505
0.0531505
0.0531505
0.0531505
0.0512823
0.0512823
0.0512823
0.0512823
0.0512823
0.0512823
0.0512823
0.0512823
0.0512823
0.0512823
0.0512823
0.0512823
0.0512823
0.0512823
0.0512823
0.0512823
0.0512823
0.0512823
0.0512823
0.0512823
0.0512823
0.0512823
0.0512823
0.0512823
0.0512823
0.0512823
0.0512823
0.0512823
0.0512823
0.0512823
0.0512823
0.0512823
0.0512823
0.0512823
0.0512823
0.0512823
0.0512823
0.0512823
0.0512823
0.0512823
0.0512823
0.0512823
0.0512823
0.0512823
0.0512823
0.0512823
0.0512823
0.0512823
0.0511636
0.0511636
0.0511636
0.0511636
0.0511636
0.0511636
0.0511636
0.0511636
0.0511636
0.0511636
0.0511636
0.0511636
0.0511636
0.0511636
0.0511636
0.0511636
0.0511636
0.0511636
0.0511636
0.0511636
0.0511636
0.0511636
0.0511636
0.0511636
0.0511636
0.0511636
0.0511636
0.0511636
0.0511636
0.0511636
0.0511636
0.0511636
0.0511636
0.0511636
0.0511636
0.0511636
0.0511636
0.0511636
0.0511636
0.0511636
0.0511636
0.0511636
0.0511636
0.0511636
0.0511636
0.0511636
0.0511636
0.0511636
