590
1
-1
0
0
0
0
0.57735
-0.57735
0.57735
-0.57735
0.57735
-0.57735
0.57735
-0.57735
0.704095
-0.704095
0.704095
-0.704095
0.704095
-0.704095
0.704095
-0.704095
0.704095
-0.704095
0.704095
-0.704095
0.704095
-0.704095
0.704095
-0.704095
0.0921904
-0.0921904
0.0921904
-0.0921904
0.0921904
-0.0921904
0.0921904
-0.0921904
0.680774
-0.680774
0.680774
-0.680774
0.680774
-0.680774
0.680774
-0.680774
0.680774
-0.680774
0.680774
-0.680774
0.680774
-0.680774
0.680774
-0.680774
0.270356
-0.270356
0.270356
-0.270356
0.270356
-0.270356
0.270356
-0.270356
0.637255
-0.637255
0.637255
-0.637255
0.637255
-0.637255
0.637255
-0.637255
0.637255
-0.637255
0.637255
-0.637255
0.637255
-0.637255
0.637255
-0.637255
0.433374
-0.433374
0.433374
-0.433374
0.433374
-0.433374
0.433374
-0.433374
0.504442
-0.504442
0.504442
-0.504442
0.504442
-0.504442
0.504442
-0.504442
0.504442
-0.504442
0.504442
-0.504442
0.504442
-0.504442
0.504442
-0.504442
0.700769
-0.700769
0.700769
-0.700769
0.700769
-0.700769
0.700769
-0.700769
0.421576
-0.421576
0.421576
-0.421576
0.421576
-0.421576
0.421576
-0.421576
0.421576
-0.421576
0.421576
-0.421576
0.421576
-0.421576
0.421576
-0.421576
0.802837
-0.802837
0.802837
-0.802837
0.802837
-0.802837
0.802837
-0.802837
0.331792
-0.331792
0.331792
-0.331792
0.331792
-0.331792
0.331792
-0.331792
0.331792
-0.331792
0.331792
-0.331792
0.331792
-0.331792
0.331792
-0.331792
0.883079
-0.883079
0.883079
-0.883079
0.883079
-0.883079
0.883079
-0.883079
0.238474
-0.238474
0.238474
-0.238474
0.238474
-0.238474
0.238474
-0.238474
0.238474
-0.238474
0.238474
-0.238474
0.238474
-0.238474
0.238474
-0.238474
0.941414
-0.941414
0.941414
-0.941414
0.941414
-0.941414
0.941414
-0.941414
0.145904
-0.145904
0.145904
-0.145904
0.145904
-0.145904
0.145904
-0.145904
0.145904
-0.145904
0.145904
-0.145904
0.145904
-0.145904
0.145904
-0.145904
0.978481
-0.978481
0.978481
-0.978481
0.978481
-0.978481
0.978481
-0.978481
0.0609503
-0.0609503
0.0609503
-0.0609503
0.0609503
-0.0609503
0.0609503
-0.0609503
0.0609503
-0.0609503
0.0609503
-0.0609503
0.0609503
-0.0609503
0.0609503
-0.0609503
0.996278
-0.996278
0.996278
-0.996278
0.996278
-0.996278
0.996278
-0.996278
0.611684
-0.611684
0.611684
-0.611684
0.791102
-0.791102
0.791102
-0.791102
0.611684
-0.611684
0.611684
-0.611684
0.791102
-0.791102
0.791102
-0.791102
0
0
0
0
0
0
0
0
0.396476
-0.396476
0.396476
-0.396476
0.918045
-0.918045
0.918045
-0.918045
0.396476
-0.396476
0.396476
-0.396476
0.918045
-0.918045
0.918045
-0.918045
0
0
0
0
0
0
0
0
0.172478
-0.172478
0.172478
-0.172478
0.985013
-0.985013
0.985013
-0.985013
0.172478
-0.172478
0.172478
-0.172478
0.985013
-0.985013
0.985013
-0.985013
0
0
0
0
0
0
0
0
0.561026
-0.561026
0.561026
-0.561026
0.561026
-0.561026
0.561026
-0.561026
0.561026
-0.561026
0.561026
-0.561026
0.561026
-0.561026
0.561026
-0.561026
0.351828
-0.351828
0.351828
-0.351828
0.351828
-0.351828
0.351828
-0.351828
0.351828
-0.351828
0.351828
-0.351828
0.351828
-0.351828
0.351828
-0.351828
0.749311
-0.749311
0.749311
-0.749311
0.749311
-0.749311
0.749311
-0.749311
0.749311
-0.749311
0.749311
-0.749311
0.749311
-0.749311
0.749311
-0.749311
0.474239
-0.474239
0.474239
-0.474239
0.474239
-0.474239
0.474239
-0.474239
0.474239
-0.474239
0.474239
-0.474239
0.474239
-0.474239
0.474239
-0.474239
0.263472
-0.263472
0.263472
-0.263472
0.263472
-0.263472
0.263472
-0.263472
0.263472
-0.263472
0.263472
-0.263472
0.263472
-0.263472
0.263472
-0.263472
0.840047
-0.840047
0.840047
-0.840047
0.840047
-0.840047
0.840047
-0.840047
0.840047
-0.840047
0.840047
-0.840047
0.840047
-0.840047
0.840047
-0.840047
0.598413
-0.598413
0.598413
-0.598413
0.598413
-0.598413
0.598413
-0.598413
0.598413
-0.598413
0.598413
-0.598413
0.598413
-0.598413
0.598413
-0.598413
0.181664
-0.181664
0.181664
-0.181664
0.181664
-0.181664
0.181664
-0.181664
0.181664
-0.181664
0.181664
-0.181664
0.181664
-0.181664
0.181664
-0.181664
0.780321
-0.780321
0.780321
-0.780321
0.780321
-0.780321
0.780321
-0.780321
0.780321
-0.780321
0.780321
-0.780321
0.780321
-0.780321
0.780321
-0.780321
0.379104
-0.379104
0.379104
-0.379104
0.379104
-0.379104
0.379104
-0.379104
0.379104
-0.379104
0.379104
-0.379104
0.379104
-0.379104
0.379104
-0.379104
0.17208
-0.17208
0.17208
-0.17208
0.17208
-0.17208
0.17208
-0.17208
0.17208
-0.17208
0.17208
-0.17208
0.17208
-0.17208
0.17208
-0.17208
0.909213
-0.909213
0.909213
-0.909213
0.909213
-0.909213
0.909213
-0.909213
0.909213
-0.909213
0.909213
-0.909213
0.909213
-0.909213
0.909213
-0.909213
0.277867
-0.277867
0.277867
-0.277867
0.277867
-0.277867
0.277867
-0.277867
0.277867
-0.277867
0.277867
-0.277867
0.277867
-0.277867
0.277867
-0.277867
0.0821302
-0.0821302
0.0821302
-0.0821302
0.0821302
-0.0821302
0.0821302
-0.0821302
0.0821302
-0.0821302
0.0821302
-0.0821302
0.0821302
-0.0821302
0.0821302
-0.0821302
0.957102
-0.957102
0.957102
-0.957102
0.957102
-0.957102
0.957102
-0.957102
0.957102
-0.957102
0.957102
-0.957102
0.957102
-0.957102
0.957102
-0.957102
0.503356
-0.503356
0.503356
-0.503356
0.503356
-0.503356
0.503356
-0.503356
0.503356
-0.503356
0.503356
-0.503356
0.503356
-0.503356
0.503356
-0.503356
0.0899921
-0.0899921
0.0899921
-0.0899921
0.0899921
-0.0899921
0.0899921
-0.0899921
0.0899921
-0.0899921
0.0899921
-0.0899921
0.0899921
-0.0899921
0.0899921
-0.0899921
0.85938
-0.85938
0.85938
-0.85938
0.85938
-0.85938
0.85938
-0.85938
0.85938
-0.85938
0.85938
-0.85938
0.85938
-0.85938
0.85938
-0.85938
0
0
1
-1
0
0
0.57735
0.57735
-0.57735
-0.57735
0.57735
0.57735
-0.57735
-0.57735
0.704095
0.704095
-0.704095
-0.704095
0.704095
0.704095
-0.704095
-0.704095
0.0921904
0.0921904
-0.0921904
-0.0921904
0.0921904
0.0921904
-0.0921904
-0.0921904
0.704095
0.704095
-0.704095
-0.704095
0.704095
0.704095
-0.704095
-0.704095
0.680774
0.680774
-0.680774
-0.680774
0.680774
0.680774
-0.680774
-0.680774
0.270356
0.270356
-0.270356
-0.270356
0.270356
0.270356
-0.270356
-0.270356
0.680774
0.680774
-0.680774
-0.680774
0.680774
0.680774
-0.680774
-0.680774
0.637255
0.637255
-0.637255
-0.637255
0.637255
0.637255
-0.637255
-0.637255
0.433374
0.433374
-0.433374
-0.433374
0.433374
0.433374
-0.433374
-0.433374
0.637255
0.637255
-0.637255
-0.637255
0.637255
0.637255
-0.637255
-0.637255
0.504442
0.504442
-0.504442
-0.504442
0.504442
0.504442
-0.504442
-0.504442
0.700769
0.700769
-0.700769
-0.700769
0.700769
0.700769
-0.700769
-0.700769
0.504442
0.504442
-0.504442
-0.504442
0.504442
0.504442
-0.504442
-0.504442
0.421576
0.421576
-0.421576
-0.421576
0.421576
0.421576
-0.421576
-0.421576
0.802837
0.802837
-0.802837
-0.802837
0.802837
0.802837
-0.802837
-0.802837
0.421576
0.421576
-0.421576
-0.421576
0.421576
0.421576
-0.421576
-0.421576
0.331792
0.331792
-0.331792
-0.331792
0.331792
0.331792
-0.331792
-0.331792
0.883079
0.883079
-0.883079
-0.883079
0.883079
0.883079
-0.883079
-0.883079
0.331792
0.331792
-0.331792
-0.331792
0.331792
0.331792
-0.331792
-0.331792
0.238474
0.238474
-0.238474
-0.238474
0.238474
0.238474
-0.238474
-0.238474
0.941414
0.941414
-0.941414
-0.941414
0.941414
0.941414
-0.941414
-0.941414
0.238474
0.238474
-0.238474
-0.238474
0.238474
0.238474
-0.238474
-0.238474
0.145904
0.145904
-0.145904
-0.145904
0.145904
0.145904
-0.145904
-0.145904
0.978481
0.978481
-0.978481
-0.978481
0.978481
0.978481
-0.978481
-0.978481
0.145904
0.145904
-0.145904
-0.145904
0.145904
0.145904
-0.145904
-0.145904
0.0609503
0.0609503
-0.0609503
-0.0609503
0.0609503
0.0609503
-0.0609503
-0.0609503
0.996278
0.996278
-0.996278
-0.996278
0.996278
0.996278
-0.996278
-0.996278
0.0609503
0.0609503
-0.0609503
-0.0609503
0.0609503
0.0609503
-0.0609503
-0.0609503
0.791102
0.791102
-0.791102
-0.791102
0.611684
0.611684
-0.611684
-0.611684
0
0
0
0
0
0
0
0
0.611684
-0.611684
0.611684
-0.611684
0.791102
-0.791102
0.791102
-0.791102
0.918045
0.918045
-0.918045
-0.918045
0.396476
0.396476
-0.396476
-0.396476
0
0
0
0
0
0
0
0
0.396476
-0.396476
0.396476
-0.396476
0.918045
-0.918045
0.918045
-0.918045
0.985013
0.985013
-0.985013
-0.985013
0.172478
0.172478
-0.172478
-0.172478
0
0
0
0
0
0
0
0
0.172478
-0.172478
0.172478
-0.172478
0.985013
-0.985013
0.985013
-0.985013
0.351828
0.351828
-0.351828
-0.351828
0.351828
0.351828
-0.351828
-0.351828
0.749311
0.749311
-0.749311
-0.749311
0.749311
0.749311
-0.749311
-0.749311
0.561026
0.561026
-0.561026
-0.561026
0.561026
0.561026
-0.561026
-0.561026
0.749311
0.749311
-0.749311
-0.749311
0.749311
0.749311
-0.749311
-0.749311
0.561026
0.561026
-0.561026
-0.561026
0.561026
0.561026
-0.561026
-0.561026
0.351828
0.351828
-0.351828
-0.351828
0.351828
0.351828
-0.351828
-0.351828
0.263472
0.263472
-0.263472
-0.263472
0.263472
0.263472
-0.263472
-0.263472
0.840047
0.840047
-0.840047
-0.840047
0.840047
0.840047
-0.840047
-0.840047
0.474239
0.474239
-0.474239
-0.474239
0.474239
0.474239
-0.474239
-0.474239
0.840047
0.840047
-0.840047
-0.840047
0.840047
0.840047
-0.840047
-0.840047
0.474239
0.474239
-0.474239
-0.474239
0.474239
0.474239
-0.474239
-0.474239
0.263472
0.263472
-0.263472
-0.263472
0.263472
0.263472
-0.263472
-0.263472
0.181664
0.181664
-0.181664
-0.181664
0.181664
0.181664
-0.181664
-0.181664
0.780321
0.780321
-0.780321
-0.780321
0.780321
0.780321
-0.780321
-0.780321
0.598413
0.598413
-0.598413
-0.598413
0.598413
0.598413
-0.598413
-0.598413
0.780321
0.780321
-0.780321
-0.780321
0.780321
0.780321
-0.780321
-0.780321
0.598413
0.598413
-0.598413
-0.598413
0.598413
0.598413
-0.598413
-0.598413
0.181664
0.181664
-0.181664
-0.181664
0.181664
0.181664
-0.181664
-0.181664
0.17208
0.17208
-0.17208
-0.17208
0.17208
0.17208
-0.17208
-0.17208
0.909213
0.909213
-0.909213
-0.909213
0.909213
0.909213
-0.909213
-0.909213
0.379104
0.379104
-0.379104
-0.379104
0.379104
0.379104
-0.379104
-0.379104
0.909213
0.909213
-0.909213
-0.909213
0.909213
0.909213
-0.909213
-0.909213
0.379104
0.379104
-0.379104
-0.379104
0.379104
0.379104
-0.379104
-0.379104
0.17208
0.17208
-0.17208
-0.17208
0.17208
0.17208
-0.17208
-0.17208
0.0821302
0.0821302
-0.0821302
-0.0821302
0.0821302
0.0821302
-0.0821302
-0.0821302
0.957102
0.957102
-0.957102
-0.957102
0.957102
0.957102
-0.957102
-0.957102
0.277867
0.277867
-0.277867
-0.277867
0.277867
0.277867
-0.277867
-0.277867
0.957102
0.957102
-0.957102
-0.957102
0.957102
0.957102
-0.957102
-0.957102
0.277867
0.277867
-0.277867
-0.277867
0.277867
0.277867
-0.277867
-0.277867
0.0821302
0.0821302
-0.0821302
-0.0821302
0.0821302
0.0821302
-0.0821302
-0.0821302
0.0899921
0.0899921
-0.0899921
-0.0899921
0.0899921
0.0899921
-0.0899921
-0.0899921
0.85938
0.85938
-0.85938
-0.85938
0.85938
0.85938
-0.85938
-0.85938
0.503356
0.503356
-0.503356
-0.503356
0.503356
0.503356
-0.503356
-0.503356
0.85938
0.85938
-0.85938
-0.85938
0.85938
0.85938
-0.85938
-0.85938
0.503356
0.503356
-0.503356
-0.503356
0.503356
0.503356
-0.503356
-0.503356
0.0899921
0.0899921
-0.0899921
-0.0899921
0.0899921
0.0899921
-0.0899921
-0.0899921
0
0
0
0
1
-1
0.57735
0.57735
0.57735
0.57735
-0.57735
-0.57735
-0.57735
-0.57735
0.0921904
0.0921904
0.0921904
0.0921904
-0.0921904
-0.0921904
-0.0921904
-0.0921904
0.704095
0.704095
0.704095
0.704095
-0.704095
-0.704095
-0.704095
-0.704095
0.704095
0.704095
0.704095
0.704095
-0.704095
-0.704095
-0.704095
-0.704095
0.270356
0.270356
0.270356
0.270356
-0.270356
-0.270356
-0.270356
-0.270356
0.680774
0.680774
0.680774
0.680774
-0.680774
-0.680774
-0.680774
-0.680774
0.680774
0.680774
0.680774
0.680774
-0.680774
-0.680774
-0.680774
-0.680774
0.433374
0.433374
0.433374
0.433374
-0.433374
-0.433374
-0.433374
-0.433374
0.637255
0.637255
0.637255
0.637255
-0.637255
-0.637255
-0.637255
-0.637255
0.637255
0.637255
0.637255
0.637255
-0.637255
-0.637255
-0.637255
-0.637255
0.700769
0.700769
0.700769
0.700769
-0.700769
-0.700769
-0.700769
-0.700769
0.504442
0.504442
0.504442
0.504442
-0.504442
-0.504442
-0.504442
-0.504442
0.504442
0.504442
0.504442
0.504442
-0.504442
-0.504442
-0.504442
-0.504442
0.802837
0.802837
0.802837
0.802837
-0.802837
-0.802837
-0.802837
-0.802837
0.421576
0.421576
0.421576
0.421576
-0.421576
-0.421576
-0.421576
-0.421576
0.421576
0.421576
0.421576
0.421576
-0.421576
-0.421576
-0.421576
-0.421576
0.883079
0.883079
0.883079
0.883079
-0.883079
-0.883079
-0.883079
-0.883079
0.331792
0.331792
0.331792
0.331792
-0.331792
-0.331792
-0.331792
-0.331792
0.331792
0.331792
0.331792
0.331792
-0.331792
-0.331792
-0.331792
-0.331792
0.941414
0.941414
0.941414
0.941414
-0.941414
-0.941414
-0.941414
-0.941414
0.238474
0.238474
0.238474
0.238474
-0.238474
-0.238474
-0.238474
-0.238474
0.238474
0.238474
0.238474
0.238474
-0.238474
-0.238474
-0.238474
-0.238474
0.978481
0.978481
0.978481
0.978481
-0.978481
-0.978481
-0.978481
-0.978481
0.145904
0.145904
0.145904
0.145904
-0.145904
-0.145904
-0.145904
-0.145904
0.145904
0.145904
0.145904
0.145904
-0.145904
-0.145904
-0.145904
-0.145904
0.996278
0.996278
0.996278
0.996278
-0.996278
-0.996278
-0.996278
-0.996278
0.0609503
0.0609503
0.0609503
0.0609503
-0.0609503
-0.0609503
-0.0609503
-0.0609503
0.0609503
0.0609503
0.0609503
0.0609503
-0.0609503
-0.0609503
-0.0609503
-0.0609503
0
0
0
0
0
0
0
0
0.791102
0.791102
-0.791102
-0.791102
0.611684
0.611684
-0.611684
-0.611684
0.791102
0.791102
-0.791102
-0.791102
0.611684
0.611684
-0.611684
-0.611684
0
0
0
0
0
0
0
0
0.918045
0.918045
-0.918045
-0.918045
0.396476
0.396476
-0.396476
-0.396476
0.918045
0.918045
-0.918045
-0.918045
0.396476
0.396476
-0.396476
-0.396476
0
0
0
0
0
0
0
0
0.985013
0.985013
-0.985013
-0.985013
0.172478
0.172478
-0.172478
-0.172478
0.985013
0.985013
-0.985013
-0.985013
0.172478
0.172478
-0.172478
-0.172478
0.749311
0.749311
0.749311
0.749311
-0.749311
-0.749311
-0.749311
-0.749311
0.351828
0.351828
0.351828
0.351828
-0.351828
-0.351828
-0.351828
-0.351828
0.749311
0.749311
0.749311
0.749311
-0.749311
-0.749311
-0.749311
-0.749311
0.561026
0.561026
0.561026
0.561026
-0.561026
-0.561026
-0.561026
-0.561026
0.351828
0.351828
0.351828
0.351828
-0.351828
-0.351828
-0.351828
-0.351828
0.561026
0.561026
0.561026
0.561026
-0.561026
-0.561026
-0.561026
-0.561026
0.840047
0.840047
0.840047
0.840047
-0.840047
-0.840047
-0.840047
-0.840047
0.263472
0.263472
0.263472
0.263472
-0.263472
-0.263472
-0.263472
-0.263472
0.840047
0.840047
0.840047
0.840047
-0.840047
-0.840047
-0.840047
-0.840047
0.474239
0.474239
0.474239
0.474239
-0.474239
-0.474239
-0.474239
-0.474239
0.263472
0.263472
0.263472
0.263472
-0.263472
-0.263472
-0.263472
-0.263472
0.474239
0.474239
0.474239
0.474239
-0.474239
-0.474239
-0.474239
-0.474239
0.780321
0.780321
0.780321
0.780321
-0.780321
-0.780321
-0.780321
-0.780321
0.181664
0.181664
0.181664
0.181664
-0.181664
-0.181664
-0.181664
-0.181664
0.780321
0.780321
0.780321
0.780321
-0.780321
-0.780321
-0.780321
-0.780321
0.598413
0.598413
0.598413
0.598413
-0.598413
-0.598413
-0.598413
-0.598413
0.181664
0.181664
0.181664
0.181664
-0.181664
-0.181664
-0.181664
-0.181664
0.598413
0.598413
0.598413
0.598413
-0.598413
-0.598413
-0.598413
-0.598413
0.909213
0.909213
0.909213
0.909213
-0.909213
-0.909213
-0.909213
-0.909213
0.17208
0.17208
0.17208
0.17208
-0.17208
-0.17208
-0.17208
-0.17208
0.909213
0.909213
0.909213
0.909213
-0.909213
-0.909213
-0.909213
-0.909213
0.379104
0.379104
0.379104
0.379104
-0.379104
-0.379104
-0.379104
-0.379104
0.17208
0.17208
0.17208
0.17208
-0.17208
-0.17208
-0.17208
-0.17208
0.379104
0.379104
0.379104
0.379104
-0.379104
-0.379104
-0.379104
-0.379104
0.957102
0.957102
0.957102
0.957102
-0.957102
-0.957102
-0.957102
-0.957102
0.0821302
0.0821302
0.0821302
0.0821302
-0.0821302
-0.0821302
-0.0821302
-0.0821302
0.957102
0.957102
0.957102
0.957102
-0.957102
-0.957102
-0.957102
-0.957102
0.277867
0.277867
0.277867
0.277867
-0.277867
-0.277867
-0.277867
-0.277867
0.0821302
0.0821302
0.0821302
0.0821302
-0.0821302
-0.0821302
-0.0821302
-0.0821302
0.277867
0.277867
0.277867
0.277867
-0.277867
-0.277867
-0.277867
-0.277867
0.85938
0.85938
0.85938
0.85938
-0.85938
-0.85938
-0.85938
-0.85938
0.0899921
0.0899921
0.0899921
0.0899921
-0.0899921
-0.0899921
-0.0899921
-0.0899921
0.85938
0.85938
0.85938
0.85938
-0.85938
-0.85938
-0.85938
-0.85938
0.503356
0.503356
0.503356
0.503356
-0.503356
-0.503356
-0.503356
-0.503356
0.0899921
0.0899921
0.0899921
0.0899921
-0.0899921
-0.0899921
-0.0899921
-0.0899921
0.503356
0.503356
0.503356
0.503356
-0.503356
-0.503356
-0.503356
-0.503356
0.00388944
0.00388944
0.00388944
0.00388944
0.00388944
0.00388944
0.0232777
0.0232777
0.0232777
0.0232777
0.0232777
0.0232777
0.0232777
0.0232777
0.0235216
0.0235216
0.0235216
0.0235216
0.0235216
0.0235216
0.0235216
0.0235216
0.0235216
0.0235216
0.0235216
0.0235216
0.0235216
0.0235216
0.0235216
0.0235216
0.0235216
0.0235216
0.0235216
0.0235216
0.0235216
0.0235216
0.0235216
0.0235216
0.0233585
0.0233585
0.0233585
0.0233585
0.0233585
0.0233585
0.0233585
0.0233585
0.0233585
0.0233585
0.0233585
0.0233585
0.0233585
0.0233585
0.0233585
0.0233585
0.0233585
0.0233585
0.0233585
0.0233585
0.0233585
0.0233585
0.0233585
0.0233585
0.0232733
0.0232733
0.0232733
0.0232733
0.0232733
0.0232733
0.0232733
0.0232733
0.0232733
0.0232733
0.0232733
0.0232733
0.0232733
0.0232733
0.0232733
0.0232733
0.0232733
0.0232733
0.0232733
0.0232733
0.0232733
0.0232733
0.0232733
0.0232733
0.0232065
0.0232065
0.0232065
0.0232065
0.0232065
0.0232065
0.0232065
0.0232065
0.0232065
0.0232065
0.0232065
0.0232065
0.0232065
0.0232065
0.0232065
0.0232065
0.0232065
0.0232065
0.0232065
0.0232065
0.0232065
0.0232065
0.0232065
0.0232065
0.0228516
0.0228516
0.0228516
0.0228516
0.0228516
0.0228516
0.0228516
0.0228516
0.0228516
0.0228516
0.0228516
0.0228516
0.0228516
0.0228516
0.0228516
0.0228516
0.0228516
0.0228516
0.0228516
0.0228516
0.0228516
0.0228516
0.0228516
0.0228516
0.0219857
0.0219857
0.0219857
0.0219857
0.0219857
0.0219857
0.0219857
0.0219857
0.0219857
0.0219857
0.0219857
0.0219857
0.0219857
0.0219857
0.0219857
0.0219857
0.0219857
0.0219857
0.0219857
0.0219857
0.0219857
0.0219857
0.0219857
0.0219857
0.0203225
0.0203225
0.0203225
0.0203225
0.0203225
0.0203225
0.0203225
0.0203225
0.0203225
0.0203225
0.0203225
0.0203225
0.0203225
0.0203225
0.0203225
0.0203225
0.0203225
0.0203225
0.0203225
0.0203225
0.0203225
0.0203225
0.0203225
0.0203225
0.0174011
0.0174011
0.0174011
0.0174011
0.0174011
0.0174011
0.0174011
0.0174011
0.0174011
0.0174011
0.0174011
0.0174011
0.0174011
0.0174011
0.0174011
0.0174011
0.0174011
0.0174011
0.0174011
0.0174011
0.0174011
0.0174011
0.0174011
0.0174011
0.0122702
0.0122702
0.0122702
0.0122702
0.0122702
0.0122702
0.0122702
0.0122702
0.0122702
0.0122702
0.0122702
0.0122702
0.0122702
0.0122702
0.0122702
0.0122702
0.0122702
0.0122702
0.0122702
0.0122702
0.0122702
0.0122702
0.0122702
0.0122702
0.0233378
0.0233378
0.0233378
0.0233378
0.0233378
0.0233378
0.0233378
0.0233378
0.0233378
0.0233378
0.0233378
0.0233378
0.0233378
0.0233378
0.0233378
0.0233378
0.0233378
0.0233378
0.0233378
0.0233378
0.0233378
0.0233378
0.0233378
0.0233378
0.0214276
0.0214276
0.0214276
0.0214276
0.0214276
0.0214276
0.0214276
0.0214276
0.0214276
0.0214276
0.0214276
0.0214276
0.0214276
0.0214276
0.0214276
0.0214276
0.0214276
0.0214276
0.0214276
0.0214276
0.0214276
0.0214276
0.0214276
0.0214276
0.0163403
0.0163403
0.0163403
0.0163403
0.0163403
0.0163403
0.0163403
0.0163403
0.0163403
0.0163403
0.0163403
0.0163403
0.0163403
0.0163403
0.0163403
0.0163403
0.0163403
0.0163403
0.0163403
0.0163403
0.0163403
0.0163403
0.0163403
0.0163403
0.0231581
0.0231581
0.0231581
0.0231581
0.0231581
0.0231581
0.0231581
0.0231581
0.0231581
0.0231581
0.0231581
0.0231581
0.0231581
0.0231581
0.0231581
0.0231581
0.0231581
0.0231581
0.0231581
0.0231581
0.0231581
0.0231581
0.0231581
0.0231581
0.0231581
0.0231581
0.0231581
0.0231581
0.0231581
0.0231581
0.0231581
0.0231581
0.0231581
0.0231581
0.0231581
0.0231581
0.0231581
0.0231581
0.0231581
0.0231581
0.0231581
0.0231581
0.0231581
0.0231581
0.0231581
0.0231581
0.0231581
0.0231581
0.0226529
0.0226529
0.0226529
0.0226529
0.0226529
0.0226529
0.0226529
0.0226529
0.0226529
0.0226529
0.0226529
0.0226529
0.0226529
0.0226529
0.0226529
0.0226529
0.0226529
0.0226529
0.0226529
0.0226529
0.0226529
0.0226529
0.0226529
0.0226529
0.0226529
0.0226529
0.0226529
0.0226529
0.0226529
0.0226529
0.0226529
0.0226529
0.0226529
0.0226529
0.0226529
0.0226529
0.0226529
0.0226529
0.0226529
0.0226529
0.0226529
0.0226529
0.0226529
0.0226529
0.0226529
0.0226529
0.0226529
0.0226529
0.0232457
0.0232457
0.0232457
0.0232457
0.0232457
0.0232457
0.0232457
0.0232457
0.0232457
0.0232457
0.0232457
0.0232457
0.0232457
0.0232457
0.0232457
0.0232457
0.0232457
0.0232457
0.0232457
0.0232457
0.0232457
0.0232457
0.0232457
0.0232457
0.0232457
0.0232457
0.0232457
0.0232457
0.0232457
0.0232457
0.0232457
0.0232457
0.0232457
0.0232457
0.0232457
0.0232457
0.0232457
0.0232457
0.0232457
0.0232457
0.0232457
0.0232457
0.0232457
0.0232457
0.0232457
0.0232457
0.0232457
0.0232457
0.0215376
0.0215376
0.0215376
0.0215376
0.0215376
0.0215376
0.0215376
0.0215376
0.0215376
0.0215376
0.0215376
0.0215376
0.0215376
0.0215376
0.0215376
0.0215376
0.0215376
0.0215376
0.0215376
0.0215376
0.0215376
0.0215376
0.0215376
0.0215376
0.0215376
0.0215376
0.0215376
0.0215376
0.0215376
0.0215376
0.0215376
0.0215376
0.0215376
0.0215376
0.0215376
0.0215376
0.0215376
0.0215376
0.0215376
0.0215376
0.0215376
0.0215376
0.0215376
0.0215376
0.0215376
0.0215376
0.0215376
0.0215376
0.0195434
0.0195434
0.0195434
0.0195434
0.0195434
0.0195434
0.0195434
0.0195434
0.0195434
0.0195434
0.0195434
0.0195434
0.0195434
0.0195434
0.0195434
0.0195434
0.0195434
0.0195434
0.0195434
0.0195434
0.0195434
0.0195434
0.0195434
0.0195434
0.0195434
0.0195434
0.0195434
0.0195434
0.0195434
0.0195434
0.0195434
0.0195434
0.0195434
0.0195434
0.0195434
0.0195434
0.0195434
0.0195434
0.0195434
0.0195434
0.0195434
0.0195434
0.0195434
0.0195434
0.0195434
0.0195434
0.0195434
0.0195434
0.0226476
0.0226476
0.0226476
0.0226476
0.0226476
0.0226476
0.0226476
0.0226476
0.0226476
0.0226476
0.0226476
0.0226476
0.0226476
0.0226476
0.0226476
0.0226476
0.0226476
0.0226476
0.0226476
0.0226476
0.0226476
0.0226476
0.0226476
0.0226476
0.0226476
0.0226476
0.0226476
0.0226476
0.0226476
0.0226476
0.0226476
0.0226476
0.0226476
0.0226476
0.0226476
0.0226476
0.0226476
0.0226476
0.0226476
0.0226476
0.0226476
0.0226476
0.0226476
0.0226476
0.0226476
0.0226476
0.0226476
0.0226476
