2030
1
-1
0
0
0
0
0.57735
-0.57735
0.57735
-0.57735
0.57735
-0.57735
0.57735
-0.57735
0.0254084
-0.0254084
0.0254084
-0.0254084
0.0254084
-0.0254084
0.0254084
-0.0254084
0.0254084
-0.0254084
0.0254084
-0.0254084
0.0254084
-0.0254084
0.0254084
-0.0254084
0.999354
-0.999354
0.999354
-0.999354
0.999354
-0.999354
0.999354
-0.999354
0.0639932
-0.0639932
0.0639932
-0.0639932
0.0639932
-0.0639932
0.0639932
-0.0639932
0.0639932
-0.0639932
0.0639932
-0.0639932
0.0639932
-0.0639932
0.0639932
-0.0639932
0.995896
-0.995896
0.995896
-0.995896
0.995896
-0.995896
0.995896
-0.995896
0.108827
-0.108827
0.108827
-0.108827
0.108827
-0.108827
0.108827
-0.108827
0.108827
-0.108827
0.108827
-0.108827
0.108827
-0.108827
0.108827
-0.108827
0.988086
-0.988086
0.988086
-0.988086
0.988086
-0.988086
0.988086
-0.988086
0.157067
-0.157067
0.157067
-0.157067
0.157067
-0.157067
0.157067
-0.157067
0.157067
-0.157067
0.157067
-0.157067
0.157067
-0.157067
0.157067
-0.157067
0.975018
-0.975018
0.975018
-0.975018
0.975018
-0.975018
0.975018
-0.975018
0.207116
-0.207116
0.207116
-0.207116
0.207116
-0.207116
0.207116
-0.207116
0.207116
-0.207116
0.207116
-0.207116
0.207116
-0.207116
0.207116
-0.207116
0.956141
-0.956141
0.956141
-0.956141
0.956141
-0.956141
0.956141
-0.956141
0.257891
-0.257891
0.257891
-0.257891
0.257891
-0.257891
0.257891
-0.257891
0.257891
-0.257891
0.257891
-0.257891
0.257891
-0.257891
0.257891
-0.257891
0.93112
-0.93112
0.93112
-0.93112
0.93112
-0.93112
0.93112
-0.93112
0.308569
-0.308569
0.308569
-0.308569
0.308569
-0.308569
0.308569
-0.308569
0.308569
-0.308569
0.308569
-0.308569
0.308569
-0.308569
0.308569
-0.308569
0.899761
-0.899761
0.899761
-0.899761
0.899761
-0.899761
0.899761
-0.899761
0.358472
-0.358472
0.358472
-0.358472
0.358472
-0.358472
0.358472
-0.358472
0.358472
-0.358472
0.358472
-0.358472
0.358472
-0.358472
0.358472
-0.358472
0.861972
-0.861972
0.861972
-0.861972
0.861972
-0.861972
0.861972
-0.861972
0.407014
-0.407014
0.407014
-0.407014
0.407014
-0.407014
0.407014
-0.407014
0.407014
-0.407014
0.407014
-0.407014
0.407014
-0.407014
0.407014
-0.407014
0.817729
-0.817729
0.817729
-0.817729
0.817729
-0.817729
0.817729
-0.817729
0.453662
-0.453662
0.453662
-0.453662
0.453662
-0.453662
0.453662
-0.453662
0.453662
-0.453662
0.453662
-0.453662
0.453662
-0.453662
0.453662
-0.453662
0.767061
-0.767061
0.767061
-0.767061
0.767061
-0.767061
0.767061
-0.767061
0.49792
-0.49792
0.49792
-0.49792
0.49792
-0.49792
0.49792
-0.49792
0.49792
-0.49792
0.49792
-0.49792
0.49792
-0.49792
0.49792
-0.49792
0.710037
-0.710037
0.710037
-0.710037
0.710037
-0.710037
0.710037
-0.710037
0.539308
-0.539308
0.539308
-0.539308
0.539308
-0.539308
0.539308
-0.539308
0.539308
-0.539308
0.539308
-0.539308
0.539308
-0.539308
0.539308
-0.539308
0.646757
-0.646757
0.646757
-0.646757
0.646757
-0.646757
0.646757
-0.646757
0.611562
-0.611562
0.611562
-0.611562
0.611562
-0.611562
0.611562
-0.611562
0.611562
-0.611562
0.611562
-0.611562
0.611562
-0.611562
0.611562
-0.611562
0.50198
-0.50198
0.50198
-0.50198
0.50198
-0.50198
0.50198
-0.50198
0.641431
-0.641431
0.641431
-0.641431
0.641431
-0.641431
0.641431
-0.641431
0.641431
-0.641431
0.641431
-0.641431
0.641431
-0.641431
0.641431
-0.641431
0.420872
-0.420872
0.420872
-0.420872
0.420872
-0.420872
0.420872
-0.420872
0.66641
-0.66641
0.66641
-0.66641
0.66641
-0.66641
0.66641
-0.66641
0.66641
-0.66641
0.66641
-0.66641
0.66641
-0.66641
0.66641
-0.66641
0.334358
-0.334358
0.334358
-0.334358
0.334358
-0.334358
0.334358
-0.334358
0.685916
-0.685916
0.685916
-0.685916
0.685916
-0.685916
0.685916
-0.685916
0.685916
-0.685916
0.685916
-0.685916
0.685916
-0.685916
0.685916
-0.685916
0.242977
-0.242977
0.242977
-0.242977
0.242977
-0.242977
0.242977
-0.242977
0.699363
-0.699363
0.699363
-0.699363
0.699363
-0.699363
0.699363
-0.699363
0.699363
-0.699363
0.699363
-0.699363
0.699363
-0.699363
0.699363
-0.699363
0.147594
-0.147594
0.147594
-0.147594
0.147594
-0.147594
0.147594
-0.147594
0.706239
-0.706239
0.706239
-0.706239
0.706239
-0.706239
0.706239
-0.706239
0.706239
-0.706239
0.706239
-0.706239
0.706239
-0.706239
0.706239
-0.706239
0.0495176
-0.0495176
0.0495176
-0.0495176
0.0495176
-0.0495176
0.0495176
-0.0495176
0.0747903
-0.0747903
0.0747903
-0.0747903
0.997199
-0.997199
0.997199
-0.997199
0.0747903
-0.0747903
0.0747903
-0.0747903
0.997199
-0.997199
0.997199
-0.997199
0
0
0
0
0
0
0
0
0.184895
-0.184895
0.184895
-0.184895
0.982758
-0.982758
0.982758
-0.982758
0.184895
-0.184895
0.184895
-0.184895
0.982758
-0.982758
0.982758
-0.982758
0
0
0
0
0
0
0
0
0.305953
-0.305953
0.305953
-0.305953
0.952047
-0.952047
0.952047
-0.952047
0.305953
-0.305953
0.305953
-0.305953
0.952047
-0.952047
0.952047
-0.952047
0
0
0
0
0
0
0
0
0.428556
-0.428556
0.428556
-0.428556
0.903515
-0.903515
0.903515
-0.903515
0.428556
-0.428556
0.428556
-0.428556
0.903515
-0.903515
0.903515
-0.903515
0
0
0
0
0
0
0
0
0.546876
-0.546876
0.546876
-0.546876
0.837214
-0.837214
0.837214
-0.837214
0.546876
-0.546876
0.546876
-0.546876
0.837214
-0.837214
0.837214
-0.837214
0
0
0
0
0
0
0
0
0.656582
-0.656582
0.656582
-0.656582
0.754254
-0.754254
0.754254
-0.754254
0.656582
-0.656582
0.656582
-0.656582
0.754254
-0.754254
0.754254
-0.754254
0
0
0
0
0
0
0
0
0.12539
-0.12539
0.12539
-0.12539
0.12539
-0.12539
0.12539
-0.12539
0.12539
-0.12539
0.12539
-0.12539
0.12539
-0.12539
0.12539
-0.12539
0.0368192
-0.0368192
0.0368192
-0.0368192
0.0368192
-0.0368192
0.0368192
-0.0368192
0.0368192
-0.0368192
0.0368192
-0.0368192
0.0368192
-0.0368192
0.0368192
-0.0368192
0.991424
-0.991424
0.991424
-0.991424
0.991424
-0.991424
0.991424
-0.991424
0.991424
-0.991424
0.991424
-0.991424
0.991424
-0.991424
0.991424
-0.991424
0.177572
-0.177572
0.177572
-0.177572
0.177572
-0.177572
0.177572
-0.177572
0.177572
-0.177572
0.177572
-0.177572
0.177572
-0.177572
0.177572
-0.177572
0.0798249
-0.0798249
0.0798249
-0.0798249
0.0798249
-0.0798249
0.0798249
-0.0798249
0.0798249
-0.0798249
0.0798249
-0.0798249
0.0798249
-0.0798249
0.0798249
-0.0798249
0.980865
-0.980865
0.980865
-0.980865
0.980865
-0.980865
0.980865
-0.980865
0.980865
-0.980865
0.980865
-0.980865
0.980865
-0.980865
0.980865
-0.980865
0.230569
-0.230569
0.230569
-0.230569
0.230569
-0.230569
0.230569
-0.230569
0.230569
-0.230569
0.230569
-0.230569
0.230569
-0.230569
0.230569
-0.230569
0.126464
-0.126464
0.126464
-0.126464
0.126464
-0.126464
0.126464
-0.126464
0.126464
-0.126464
0.126464
-0.126464
0.126464
-0.126464
0.126464
-0.126464
0.964803
-0.964803
0.964803
-0.964803
0.964803
-0.964803
0.964803
-0.964803
0.964803
-0.964803
0.964803
-0.964803
0.964803
-0.964803
0.964803
-0.964803
0.28365
-0.28365
0.28365
-0.28365
0.28365
-0.28365
0.28365
-0.28365
0.28365
-0.28365
0.28365
-0.28365
0.28365
-0.28365
0.28365
-0.28365
0.175159
-0.175159
0.175159
-0.175159
0.175159
-0.175159
0.175159
-0.175159
0.175159
-0.175159
0.175159
-0.175159
0.175159
-0.175159
0.175159
-0.175159
0.942795
-0.942795
0.942795
-0.942795
0.942795
-0.942795
0.942795
-0.942795
0.942795
-0.942795
0.942795
-0.942795
0.942795
-0.942795
0.942795
-0.942795
0.336179
-0.336179
0.336179
-0.336179
0.336179
-0.336179
0.336179
-0.336179
0.336179
-0.336179
0.336179
-0.336179
0.336179
-0.336179
0.336179
-0.336179
0.2248
-0.2248
0.2248
-0.2248
0.2248
-0.2248
0.2248
-0.2248
0.2248
-0.2248
0.2248
-0.2248
0.2248
-0.2248
0.2248
-0.2248
0.914576
-0.914576
0.914576
-0.914576
0.914576
-0.914576
0.914576
-0.914576
0.914576
-0.914576
0.914576
-0.914576
0.914576
-0.914576
0.914576
-0.914576
0.387598
-0.387598
0.387598
-0.387598
0.387598
-0.387598
0.387598
-0.387598
0.387598
-0.387598
0.387598
-0.387598
0.387598
-0.387598
0.387598
-0.387598
0.27453
-0.27453
0.27453
-0.27453
0.27453
-0.27453
0.27453
-0.27453
0.27453
-0.27453
0.27453
-0.27453
0.27453
-0.27453
0.27453
-0.27453
0.880001
-0.880001
0.880001
-0.880001
0.880001
-0.880001
0.880001
-0.880001
0.880001
-0.880001
0.880001
-0.880001
0.880001
-0.880001
0.880001
-0.880001
0.437402
-0.437402
0.437402
-0.437402
0.437402
-0.437402
0.437402
-0.437402
0.437402
-0.437402
0.437402
-0.437402
0.437402
-0.437402
0.437402
-0.437402
0.323637
-0.323637
0.323637
-0.323637
0.323637
-0.323637
0.323637
-0.323637
0.323637
-0.323637
0.323637
-0.323637
0.323637
-0.323637
0.323637
-0.323637
0.83901
-0.83901
0.83901
-0.83901
0.83901
-0.83901
0.83901
-0.83901
0.83901
-0.83901
0.83901
-0.83901
0.83901
-0.83901
0.83901
-0.83901
0.485128
-0.485128
0.485128
-0.485128
0.485128
-0.485128
0.485128
-0.485128
0.485128
-0.485128
0.485128
-0.485128
0.485128
-0.485128
0.485128
-0.485128
0.371497
-0.371497
0.371497
-0.371497
0.371497
-0.371497
0.371497
-0.371497
0.371497
-0.371497
0.371497
-0.371497
0.371497
-0.371497
0.371497
-0.371497
0.791607
-0.791607
0.791607
-0.791607
0.791607
-0.791607
0.791607
-0.791607
0.791607
-0.791607
0.791607
-0.791607
0.791607
-0.791607
0.791607
-0.791607
0.530339
-0.530339
0.530339
-0.530339
0.530339
-0.530339
0.530339
-0.530339
0.530339
-0.530339
0.530339
-0.530339
0.530339
-0.530339
0.530339
-0.530339
0.417535
-0.417535
0.417535
-0.417535
0.417535
-0.417535
0.417535
-0.417535
0.417535
-0.417535
0.417535
-0.417535
0.417535
-0.417535
0.417535
-0.417535
0.737838
-0.737838
0.737838
-0.737838
0.737838
-0.737838
0.737838
-0.737838
0.737838
-0.737838
0.737838
-0.737838
0.737838
-0.737838
0.737838
-0.737838
0.57262
-0.57262
0.57262
-0.57262
0.57262
-0.57262
0.57262
-0.57262
0.57262
-0.57262
0.57262
-0.57262
0.57262
-0.57262
0.57262
-0.57262
0.461208
-0.461208
0.461208
-0.461208
0.461208
-0.461208
0.461208
-0.461208
0.461208
-0.461208
0.461208
-0.461208
0.461208
-0.461208
0.461208
-0.461208
0.677786
-0.677786
0.677786
-0.677786
0.677786
-0.677786
0.677786
-0.677786
0.677786
-0.677786
0.677786
-0.677786
0.677786
-0.677786
0.677786
-0.677786
0.243152
-0.243152
0.243152
-0.243152
0.243152
-0.243152
0.243152
-0.243152
0.243152
-0.243152
0.243152
-0.243152
0.243152
-0.243152
0.243152
-0.243152
0.0425804
-0.0425804
0.0425804
-0.0425804
0.0425804
-0.0425804
0.0425804
-0.0425804
0.0425804
-0.0425804
0.0425804
-0.0425804
0.0425804
-0.0425804
0.0425804
-0.0425804
0.969053
-0.969053
0.969053
-0.969053
0.969053
-0.969053
0.969053
-0.969053
0.969053
-0.969053
0.969053
-0.969053
0.969053
-0.969053
0.969053
-0.969053
0.30021
-0.30021
0.30021
-0.30021
0.30021
-0.30021
0.30021
-0.30021
0.30021
-0.30021
0.30021
-0.30021
0.30021
-0.30021
0.30021
-0.30021
0.0886942
-0.0886942
0.0886942
-0.0886942
0.0886942
-0.0886942
0.0886942
-0.0886942
0.0886942
-0.0886942
0.0886942
-0.0886942
0.0886942
-0.0886942
0.0886942
-0.0886942
0.949741
-0.949741
0.949741
-0.949741
0.949741
-0.949741
0.949741
-0.949741
0.949741
-0.949741
0.949741
-0.949741
0.949741
-0.949741
0.949741
-0.949741
0.355855
-0.355855
0.355855
-0.355855
0.355855
-0.355855
0.355855
-0.355855
0.355855
-0.355855
0.355855
-0.355855
0.355855
-0.355855
0.355855
-0.355855
0.136881
-0.136881
0.136881
-0.136881
0.136881
-0.136881
0.136881
-0.136881
0.136881
-0.136881
0.136881
-0.136881
0.136881
-0.136881
0.136881
-0.136881
0.924462
-0.924462
0.924462
-0.924462
0.924462
-0.924462
0.924462
-0.924462
0.924462
-0.924462
0.924462
-0.924462
0.924462
-0.924462
0.924462
-0.924462
0.409778
-0.409778
0.409778
-0.409778
0.409778
-0.409778
0.409778
-0.409778
0.409778
-0.409778
0.409778
-0.409778
0.409778
-0.409778
0.409778
-0.409778
0.186074
-0.186074
0.186074
-0.186074
0.186074
-0.186074
0.186074
-0.186074
0.186074
-0.186074
0.186074
-0.186074
0.186074
-0.186074
0.186074
-0.186074
0.893005
-0.893005
0.893005
-0.893005
0.893005
-0.893005
0.893005
-0.893005
0.893005
-0.893005
0.893005
-0.893005
0.893005
-0.893005
0.893005
-0.893005
0.461634
-0.461634
0.461634
-0.461634
0.461634
-0.461634
0.461634
-0.461634
0.461634
-0.461634
0.461634
-0.461634
0.461634
-0.461634
0.461634
-0.461634
0.235424
-0.235424
0.235424
-0.235424
0.235424
-0.235424
0.235424
-0.235424
0.235424
-0.235424
0.235424
-0.235424
0.235424
-0.235424
0.235424
-0.235424
0.85526
-0.85526
0.85526
-0.85526
0.85526
-0.85526
0.85526
-0.85526
0.85526
-0.85526
0.85526
-0.85526
0.85526
-0.85526
0.85526
-0.85526
0.511071
-0.511071
0.511071
-0.511071
0.511071
-0.511071
0.511071
-0.511071
0.511071
-0.511071
0.511071
-0.511071
0.511071
-0.511071
0.511071
-0.511071
0.284207
-0.284207
0.284207
-0.284207
0.284207
-0.284207
0.284207
-0.284207
0.284207
-0.284207
0.284207
-0.284207
0.284207
-0.284207
0.284207
-0.284207
0.811192
-0.811192
0.811192
-0.811192
0.811192
-0.811192
0.811192
-0.811192
0.811192
-0.811192
0.811192
-0.811192
0.811192
-0.811192
0.811192
-0.811192
0.557742
-0.557742
0.557742
-0.557742
0.557742
-0.557742
0.557742
-0.557742
0.557742
-0.557742
0.557742
-0.557742
0.557742
-0.557742
0.557742
-0.557742
0.331778
-0.331778
0.331778
-0.331778
0.331778
-0.331778
0.331778
-0.331778
0.331778
-0.331778
0.331778
-0.331778
0.331778
-0.331778
0.331778
-0.331778
0.76082
-0.76082
0.76082
-0.76082
0.76082
-0.76082
0.76082
-0.76082
0.76082
-0.76082
0.76082
-0.76082
0.76082
-0.76082
0.76082
-0.76082
0.601306
-0.601306
0.601306
-0.601306
0.601306
-0.601306
0.601306
-0.601306
0.601306
-0.601306
0.601306
-0.601306
0.601306
-0.601306
0.601306
-0.601306
0.37753
-0.37753
0.37753
-0.37753
0.37753
-0.37753
0.37753
-0.37753
0.37753
-0.37753
0.37753
-0.37753
0.37753
-0.37753
0.37753
-0.37753
0.704203
-0.704203
0.704203
-0.704203
0.704203
-0.704203
0.704203
-0.704203
0.704203
-0.704203
0.704203
-0.704203
0.704203
-0.704203
0.704203
-0.704203
0.36616
-0.36616
0.36616
-0.36616
0.36616
-0.36616
0.36616
-0.36616
0.36616
-0.36616
0.36616
-0.36616
0.36616
-0.36616
0.36616
-0.36616
0.0459937
-0.0459937
0.0459937
-0.0459937
0.0459937
-0.0459937
0.0459937
-0.0459937
0.0459937
-0.0459937
0.0459937
-0.0459937
0.0459937
-0.0459937
0.0459937
-0.0459937
0.929415
-0.929415
0.929415
-0.929415
0.929415
-0.929415
0.929415
-0.929415
0.929415
-0.929415
0.929415
-0.929415
0.929415
-0.929415
0.929415
-0.929415
0.423763
-0.423763
0.423763
-0.423763
0.423763
-0.423763
0.423763
-0.423763
0.423763
-0.423763
0.423763
-0.423763
0.423763
-0.423763
0.423763
-0.423763
0.0940489
-0.0940489
0.0940489
-0.0940489
0.0940489
-0.0940489
0.0940489
-0.0940489
0.0940489
-0.0940489
0.0940489
-0.0940489
0.0940489
-0.0940489
0.0940489
-0.0940489
0.900877
-0.900877
0.900877
-0.900877
0.900877
-0.900877
0.900877
-0.900877
0.900877
-0.900877
0.900877
-0.900877
0.900877
-0.900877
0.900877
-0.900877
0.478633
-0.478633
0.478633
-0.478633
0.478633
-0.478633
0.478633
-0.478633
0.478633
-0.478633
0.478633
-0.478633
0.478633
-0.478633
0.478633
-0.478633
0.143138
-0.143138
0.143138
-0.143138
0.143138
-0.143138
0.143138
-0.143138
0.143138
-0.143138
0.143138
-0.143138
0.143138
-0.143138
0.143138
-0.143138
0.866269
-0.866269
0.866269
-0.866269
0.866269
-0.866269
0.866269
-0.866269
0.866269
-0.866269
0.866269
-0.866269
0.866269
-0.866269
0.866269
-0.866269
0.53057
-0.53057
0.53057
-0.53057
0.53057
-0.53057
0.53057
-0.53057
0.53057
-0.53057
0.53057
-0.53057
0.53057
-0.53057
0.53057
-0.53057
0.192419
-0.192419
0.192419
-0.192419
0.192419
-0.192419
0.192419
-0.192419
0.192419
-0.192419
0.192419
-0.192419
0.192419
-0.192419
0.192419
-0.192419
0.825512
-0.825512
0.825512
-0.825512
0.825512
-0.825512
0.825512
-0.825512
0.825512
-0.825512
0.825512
-0.825512
0.825512
-0.825512
0.825512
-0.825512
0.579344
-0.579344
0.579344
-0.579344
0.579344
-0.579344
0.579344
-0.579344
0.579344
-0.579344
0.579344
-0.579344
0.579344
-0.579344
0.579344
-0.579344
0.241159
-0.241159
0.241159
-0.241159
0.241159
-0.241159
0.241159
-0.241159
0.241159
-0.241159
0.241159
-0.241159
0.241159
-0.241159
0.241159
-0.241159
0.778591
-0.778591
0.778591
-0.778591
0.778591
-0.778591
0.778591
-0.778591
0.778591
-0.778591
0.778591
-0.778591
0.778591
-0.778591
0.778591
-0.778591
0.624707
-0.624707
0.624707
-0.624707
0.624707
-0.624707
0.624707
-0.624707
0.624707
-0.624707
0.624707
-0.624707
0.624707
-0.624707
0.624707
-0.624707
0.288687
-0.288687
0.288687
-0.288687
0.288687
-0.288687
0.288687
-0.288687
0.288687
-0.288687
0.288687
-0.288687
0.288687
-0.288687
0.288687
-0.288687
0.725535
-0.725535
0.725535
-0.725535
0.725535
-0.725535
0.725535
-0.725535
0.725535
-0.725535
0.725535
-0.725535
0.725535
-0.725535
0.725535
-0.725535
0.487432
-0.487432
0.487432
-0.487432
0.487432
-0.487432
0.487432
-0.487432
0.487432
-0.487432
0.487432
-0.487432
0.487432
-0.487432
0.487432
-0.487432
0.0480498
-0.0480498
0.0480498
-0.0480498
0.0480498
-0.0480498
0.0480498
-0.0480498
0.0480498
-0.0480498
0.0480498
-0.0480498
0.0480498
-0.0480498
0.0480498
-0.0480498
0.871838
-0.871838
0.871838
-0.871838
0.871838
-0.871838
0.871838
-0.871838
0.871838
-0.871838
0.871838
-0.871838
0.871838
-0.871838
0.871838
-0.871838
0.542734
-0.542734
0.542734
-0.542734
0.542734
-0.542734
0.542734
-0.542734
0.542734
-0.542734
0.542734
-0.542734
0.542734
-0.542734
0.542734
-0.542734
0.0971686
-0.0971686
0.0971686
-0.0971686
0.0971686
-0.0971686
0.0971686
-0.0971686
0.0971686
-0.0971686
0.0971686
-0.0971686
0.0971686
-0.0971686
0.0971686
-0.0971686
0.834265
-0.834265
0.834265
-0.834265
0.834265
-0.834265
0.834265
-0.834265
0.834265
-0.834265
0.834265
-0.834265
0.834265
-0.834265
0.834265
-0.834265
0.594349
-0.594349
0.594349
-0.594349
0.594349
-0.594349
0.594349
-0.594349
0.594349
-0.594349
0.594349
-0.594349
0.594349
-0.594349
0.594349
-0.594349
0.146521
-0.146521
0.146521
-0.146521
0.146521
-0.146521
0.146521
-0.146521
0.146521
-0.146521
0.146521
-0.146521
0.146521
-0.146521
0.146521
-0.146521
0.790747
-0.790747
0.790747
-0.790747
0.790747
-0.790747
0.790747
-0.790747
0.790747
-0.790747
0.790747
-0.790747
0.790747
-0.790747
0.790747
-0.790747
0.642131
-0.642131
0.642131
-0.642131
0.642131
-0.642131
0.642131
-0.642131
0.642131
-0.642131
0.642131
-0.642131
0.642131
-0.642131
0.642131
-0.642131
0.195358
-0.195358
0.195358
-0.195358
0.195358
-0.195358
0.195358
-0.195358
0.195358
-0.195358
0.195358
-0.195358
0.195358
-0.195358
0.195358
-0.195358
0.741284
-0.741284
0.741284
-0.741284
0.741284
-0.741284
0.741284
-0.741284
0.741284
-0.741284
0.741284
-0.741284
0.741284
-0.741284
0.741284
-0.741284
0.602063
-0.602063
0.602063
-0.602063
0.602063
-0.602063
0.602063
-0.602063
0.602063
-0.602063
0.602063
-0.602063
0.602063
-0.602063
0.602063
-0.602063
0.0491638
-0.0491638
0.0491638
-0.0491638
0.0491638
-0.0491638
0.0491638
-0.0491638
0.0491638
-0.0491638
0.0491638
-0.0491638
0.0491638
-0.0491638
0.0491638
-0.0491638
0.796934
-0.796934
0.796934
-0.796934
0.796934
-0.796934
0.796934
-0.796934
0.796934
-0.796934
0.796934
-0.796934
0.796934
-0.796934
0.796934
-0.796934
0.652922
-0.652922
0.652922
-0.652922
0.652922
-0.652922
0.652922
-0.652922
0.652922
-0.652922
0.652922
-0.652922
0.652922
-0.652922
0.652922
-0.652922
0.0986162
-0.0986162
0.0986162
-0.0986162
0.0986162
-0.0986162
0.0986162
-0.0986162
0.0986162
-0.0986162
0.0986162
-0.0986162
0.0986162
-0.0986162
0.0986162
-0.0986162
0.750978
-0.750978
0.750978
-0.750978
0.750978
-0.750978
0.750978
-0.750978
0.750978
-0.750978
0.750978
-0.750978
0.750978
-0.750978
0.750978
-0.750978
0
0
1
-1
0
0
0.57735
0.57735
-0.57735
-0.57735
0.57735
0.57735
-0.57735
-0.57735
0.0254084
0.0254084
-0.0254084
-0.0254084
0.0254084
0.0254084
-0.0254084
-0.0254084
0.999354
0.999354
-0.999354
-0.999354
0.999354
0.999354
-0.999354
-0.999354
0.0254084
0.0254084
-0.0254084
-0.0254084
0.0254084
0.0254084
-0.0254084
-0.0254084
0.0639932
0.0639932
-0.0639932
-0.0639932
0.0639932
0.0639932
-0.0639932
-0.0639932
0.995896
0.995896
-0.995896
-0.995896
0.995896
0.995896
-0.995896
-0.995896
0.0639932
0.0639932
-0.0639932
-0.0639932
0.0639932
0.0639932
-0.0639932
-0.0639932
0.108827
0.108827
-0.108827
-0.108827
0.108827
0.108827
-0.108827
-0.108827
0.988086
0.988086
-0.988086
-0.988086
0.988086
0.988086
-0.988086
-0.988086
0.108827
0.108827
-0.108827
-0.108827
0.108827
0.108827
-0.108827
-0.108827
0.157067
0.157067
-0.157067
-0.157067
0.157067
0.157067
-0.157067
-0.157067
0.975018
0.975018
-0.975018
-0.975018
0.975018
0.975018
-0.975018
-0.975018
0.157067
0.157067
-0.157067
-0.157067
0.157067
0.157067
-0.157067
-0.157067
0.207116
0.207116
-0.207116
-0.207116
0.207116
0.207116
-0.207116
-0.207116
0.956141
0.956141
-0.956141
-0.956141
0.956141
0.956141
-0.956141
-0.956141
0.207116
0.207116
-0.207116
-0.207116
0.207116
0.207116
-0.207116
-0.207116
0.257891
0.257891
-0.257891
-0.257891
0.257891
0.257891
-0.257891
-0.257891
0.93112
0.93112
-0.93112
-0.93112
0.93112
0.93112
-0.93112
-0.93112
0.257891
0.257891
-0.257891
-0.257891
0.257891
0.257891
-0.257891
-0.257891
0.308569
0.308569
-0.308569
-0.308569
0.308569
0.308569
-0.308569
-0.308569
0.899761
0.899761
-0.899761
-0.899761
0.899761
0.899761
-0.899761
-0.899761
0.308569
0.308569
-0.308569
-0.308569
0.308569
0.308569
-0.308569
-0.308569
0.358472
0.358472
-0.358472
-0.358472
0.358472
0.358472
-0.358472
-0.358472
0.861972
0.861972
-0.861972
-0.861972
0.861972
0.861972
-0.861972
-0.861972
0.358472
0.358472
-0.358472
-0.358472
0.358472
0.358472
-0.358472
-0.358472
0.407014
0.407014
-0.407014
-0.407014
0.407014
0.407014
-0.407014
-0.407014
0.817729
0.817729
-0.817729
-0.817729
0.817729
0.817729
-0.817729
-0.817729
0.407014
0.407014
-0.407014
-0.407014
0.407014
0.407014
-0.407014
-0.407014
0.453662
0.453662
-0.453662
-0.453662
0.453662
0.453662
-0.453662
-0.453662
0.767061
0.767061
-0.767061
-0.767061
0.767061
0.767061
-0.767061
-0.767061
0.453662
0.453662
-0.453662
-0.453662
0.453662
0.453662
-0.453662
-0.453662
0.49792
0.49792
-0.49792
-0.49792
0.49792
0.49792
-0.49792
-0.49792
0.710037
0.710037
-0.710037
-0.710037
0.710037
0.710037
-0.710037
-0.710037
0.49792
0.49792
-0.49792
-0.49792
0.49792
0.49792
-0.49792
-0.49792
0.539308
0.539308
-0.539308
-0.539308
0.539308
0.539308
-0.539308
-0.539308
0.646757
0.646757
-0.646757
-0.646757
0.646757
0.646757
-0.646757
-0.646757
0.539308
0.539308
-0.539308
-0.539308
0.539308
0.539308
-0.539308
-0.539308
0.611562
0.611562
-0.611562
-0.611562
0.611562
0.611562
-0.611562
-0.611562
0.50198
0.50198
-0.50198
-0.50198
0.50198
0.50198
-0.50198
-0.50198
0.611562
0.611562
-0.611562
-0.611562
0.611562
0.611562
-0.611562
-0.611562
0.641431
0.641431
-0.641431
-0.641431
0.641431
0.641431
-0.641431
-0.641431
0.420872
0.420872
-0.420872
-0.420872
0.420872
0.420872
-0.420872
-0.420872
0.641431
0.641431
-0.641431
-0.641431
0.641431
0.641431
-0.641431
-0.641431
0.66641
0.66641
-0.66641
-0.66641
0.66641
0.66641
-0.66641
-0.66641
0.334358
0.334358
-0.334358
-0.334358
0.334358
0.334358
-0.334358
-0.334358
0.66641
0.66641
-0.66641
-0.66641
0.66641
0.66641
-0.66641
-0.66641
0.685916
0.685916
-0.685916
-0.685916
0.685916
0.685916
-0.685916
-0.685916
0.242977
0.242977
-0.242977
-0.242977
0.242977
0.242977
-0.242977
-0.242977
0.685916
0.685916
-0.685916
-0.685916
0.685916
0.685916
-0.685916
-0.685916
0.699363
0.699363
-0.699363
-0.699363
0.699363
0.699363
-0.699363
-0.699363
0.147594
0.147594
-0.147594
-0.147594
0.147594
0.147594
-0.147594
-0.147594
0.699363
0.699363
-0.699363
-0.699363
0.699363
0.699363
-0.699363
-0.699363
0.706239
0.706239
-0.706239
-0.706239
0.706239
0.706239
-0.706239
-0.706239
0.0495176
0.0495176
-0.0495176
-0.0495176
0.0495176
0.0495176
-0.0495176
-0.0495176
0.706239
0.706239
-0.706239
-0.706239
0.706239
0.706239
-0.706239
-0.706239
0.997199
0.997199
-0.997199
-0.997199
0.0747903
0.0747903
-0.0747903
-0.0747903
0
0
0
0
0
0
0
0
0.0747903
-0.0747903
0.0747903
-0.0747903
0.997199
-0.997199
0.997199
-0.997199
0.982758
0.982758
-0.982758
-0.982758
0.184895
0.184895
-0.184895
-0.184895
0
0
0
0
0
0
0
0
0.184895
-0.184895
0.184895
-0.184895
0.982758
-0.982758
0.982758
-0.982758
0.952047
0.952047
-0.952047
-0.952047
0.305953
0.305953
-0.305953
-0.305953
0
0
0
0
0
0
0
0
0.305953
-0.305953
0.305953
-0.305953
0.952047
-0.952047
0.952047
-0.952047
0.903515
0.903515
-0.903515
-0.903515
0.428556
0.428556
-0.428556
-0.428556
0
0
0
0
0
0
0
0
0.428556
-0.428556
0.428556
-0.428556
0.903515
-0.903515
0.903515
-0.903515
0.837214
0.837214
-0.837214
-0.837214
0.546876
0.546876
-0.546876
-0.546876
0
0
0
0
0
0
0
0
0.546876
-0.546876
0.546876
-0.546876
0.837214
-0.837214
0.837214
-0.837214
0.754254
0.754254
-0.754254
-0.754254
0.656582
0.656582
-0.656582
-0.656582
0
0
0
0
0
0
0
0
0.656582
-0.656582
0.656582
-0.656582
0.754254
-0.754254
0.754254
-0.754254
0.0368192
0.0368192
-0.0368192
-0.0368192
0.0368192
0.0368192
-0.0368192
-0.0368192
0.991424
0.991424
-0.991424
-0.991424
0.991424
0.991424
-0.991424
-0.991424
0.12539
0.12539
-0.12539
-0.12539
0.12539
0.12539
-0.12539
-0.12539
0.991424
0.991424
-0.991424
-0.991424
0.991424
0.991424
-0.991424
-0.991424
0.12539
0.12539
-0.12539
-0.12539
0.12539
0.12539
-0.12539
-0.12539
0.0368192
0.0368192
-0.0368192
-0.0368192
0.0368192
0.0368192
-0.0368192
-0.0368192
0.0798249
0.0798249
-0.0798249
-0.0798249
0.0798249
0.0798249
-0.0798249
-0.0798249
0.980865
0.980865
-0.980865
-0.980865
0.980865
0.980865
-0.980865
-0.980865
0.177572
0.177572
-0.177572
-0.177572
0.177572
0.177572
-0.177572
-0.177572
0.980865
0.980865
-0.980865
-0.980865
0.980865
0.980865
-0.980865
-0.980865
0.177572
0.177572
-0.177572
-0.177572
0.177572
0.177572
-0.177572
-0.177572
0.0798249
0.0798249
-0.0798249
-0.0798249
0.0798249
0.0798249
-0.0798249
-0.0798249
0.126464
0.126464
-0.126464
-0.126464
0.126464
0.126464
-0.126464
-0.126464
0.964803
0.964803
-0.964803
-0.964803
0.964803
0.964803
-0.964803
-0.964803
0.230569
0.230569
-0.230569
-0.230569
0.230569
0.230569
-0.230569
-0.230569
0.964803
0.964803
-0.964803
-0.964803
0.964803
0.964803
-0.964803
-0.964803
0.230569
0.230569
-0.230569
-0.230569
0.230569
0.230569
-0.230569
-0.230569
0.126464
0.126464
-0.126464
-0.126464
0.126464
0.126464
-0.126464
-0.126464
0.175159
0.175159
-0.175159
-0.175159
0.175159
0.175159
-0.175159
-0.175159
0.942795
0.942795
-0.942795
-0.942795
0.942795
0.942795
-0.942795
-0.942795
0.28365
0.28365
-0.28365
-0.28365
0.28365
0.28365
-0.28365
-0.28365
0.942795
0.942795
-0.942795
-0.942795
0.942795
0.942795
-0.942795
-0.942795
0.28365
0.28365
-0.28365
-0.28365
0.28365
0.28365
-0.28365
-0.28365
0.175159
0.175159
-0.175159
-0.175159
0.175159
0.175159
-0.175159
-0.175159
0.2248
0.2248
-0.2248
-0.2248
0.2248
0.2248
-0.2248
-0.2248
0.914576
0.914576
-0.914576
-0.914576
0.914576
0.914576
-0.914576
-0.914576
0.336179
0.336179
-0.336179
-0.336179
0.336179
0.336179
-0.336179
-0.336179
0.914576
0.914576
-0.914576
-0.914576
0.914576
0.914576
-0.914576
-0.914576
0.336179
0.336179
-0.336179
-0.336179
0.336179
0.336179
-0.336179
-0.336179
0.2248
0.2248
-0.2248
-0.2248
0.2248
0.2248
-0.2248
-0.2248
0.27453
0.27453
-0.27453
-0.27453
0.27453
0.27453
-0.27453
-0.27453
0.880001
0.880001
-0.880001
-0.880001
0.880001
0.880001
-0.880001
-0.880001
0.387598
0.387598
-0.387598
-0.387598
0.387598
0.387598
-0.387598
-0.387598
0.880001
0.880001
-0.880001
-0.880001
0.880001
0.880001
-0.880001
-0.880001
0.387598
0.387598
-0.387598
-0.387598
0.387598
0.387598
-0.387598
-0.387598
0.27453
0.27453
-0.27453
-0.27453
0.27453
0.27453
-0.27453
-0.27453
0.323637
0.323637
-0.323637
-0.323637
0.323637
0.323637
-0.323637
-0.323637
0.83901
0.83901
-0.83901
-0.83901
0.83901
0.83901
-0.83901
-0.83901
0.437402
0.437402
-0.437402
-0.437402
0.437402
0.437402
-0.437402
-0.437402
0.83901
0.83901
-0.83901
-0.83901
0.83901
0.83901
-0.83901
-0.83901
0.437402
0.437402
-0.437402
-0.437402
0.437402
0.437402
-0.437402
-0.437402
0.323637
0.323637
-0.323637
-0.323637
0.323637
0.323637
-0.323637
-0.323637
0.371497
0.371497
-0.371497
-0.371497
0.371497
0.371497
-0.371497
-0.371497
0.791607
0.791607
-0.791607
-0.791607
0.791607
0.791607
-0.791607
-0.791607
0.485128
0.485128
-0.485128
-0.485128
0.485128
0.485128
-0.485128
-0.485128
0.791607
0.791607
-0.791607
-0.791607
0.791607
0.791607
-0.791607
-0.791607
0.485128
0.485128
-0.485128
-0.485128
0.485128
0.485128
-0.485128
-0.485128
0.371497
0.371497
-0.371497
-0.371497
0.371497
0.371497
-0.371497
-0.371497
0.417535
0.417535
-0.417535
-0.417535
0.417535
0.417535
-0.417535
-0.417535
0.737838
0.737838
-0.737838
-0.737838
0.737838
0.737838
-0.737838
-0.737838
0.530339
0.530339
-0.530339
-0.530339
0.530339
0.530339
-0.530339
-0.530339
0.737838
0.737838
-0.737838
-0.737838
0.737838
0.737838
-0.737838
-0.737838
0.530339
0.530339
-0.530339
-0.530339
0.530339
0.530339
-0.530339
-0.530339
0.417535
0.417535
-0.417535
-0.417535
0.417535
0.417535
-0.417535
-0.417535
0.461208
0.461208
-0.461208
-0.461208
0.461208
0.461208
-0.461208
-0.461208
0.677786
0.677786
-0.677786
-0.677786
0.677786
0.677786
-0.677786
-0.677786
0.57262
0.57262
-0.57262
-0.57262
0.57262
0.57262
-0.57262
-0.57262
0.677786
0.677786
-0.677786
-0.677786
0.677786
0.677786
-0.677786
-0.677786
0.57262
0.57262
-0.57262
-0.57262
0.57262
0.57262
-0.57262
-0.57262
0.461208
0.461208
-0.461208
-0.461208
0.461208
0.461208
-0.461208
-0.461208
0.0425804
0.0425804
-0.0425804
-0.0425804
0.0425804
0.0425804
-0.0425804
-0.0425804
0.969053
0.969053
-0.969053
-0.969053
0.969053
0.969053
-0.969053
-0.969053
0.243152
0.243152
-0.243152
-0.243152
0.243152
0.243152
-0.243152
-0.243152
0.969053
0.969053
-0.969053
-0.969053
0.969053
0.969053
-0.969053
-0.969053
0.243152
0.243152
-0.243152
-0.243152
0.243152
0.243152
-0.243152
-0.243152
0.0425804
0.0425804
-0.0425804
-0.0425804
0.0425804
0.0425804
-0.0425804
-0.0425804
0.0886942
0.0886942
-0.0886942
-0.0886942
0.0886942
0.0886942
-0.0886942
-0.0886942
0.949741
0.949741
-0.949741
-0.949741
0.949741
0.949741
-0.949741
-0.949741
0.30021
0.30021
-0.30021
-0.30021
0.30021
0.30021
-0.30021
-0.30021
0.949741
0.949741
-0.949741
-0.949741
0.949741
0.949741
-0.949741
-0.949741
0.30021
0.30021
-0.30021
-0.30021
0.30021
0.30021
-0.30021
-0.30021
0.0886942
0.0886942
-0.0886942
-0.0886942
0.0886942
0.0886942
-0.0886942
-0.0886942
0.136881
0.136881
-0.136881
-0.136881
0.136881
0.136881
-0.136881
-0.136881
0.924462
0.924462
-0.924462
-0.924462
0.924462
0.924462
-0.924462
-0.924462
0.355855
0.355855
-0.355855
-0.355855
0.355855
0.355855
-0.355855
-0.355855
0.924462
0.924462
-0.924462
-0.924462
0.924462
0.924462
-0.924462
-0.924462
0.355855
0.355855
-0.355855
-0.355855
0.355855
0.355855
-0.355855
-0.355855
0.136881
0.136881
-0.136881
-0.136881
0.136881
0.136881
-0.136881
-0.136881
0.186074
0.186074
-0.186074
-0.186074
0.186074
0.186074
-0.186074
-0.186074
0.893005
0.893005
-0.893005
-0.893005
0.893005
0.893005
-0.893005
-0.893005
0.409778
0.409778
-0.409778
-0.409778
0.409778
0.409778
-0.409778
-0.409778
0.893005
0.893005
-0.893005
-0.893005
0.893005
0.893005
-0.893005
-0.893005
0.409778
0.409778
-0.409778
-0.409778
0.409778
0.409778
-0.409778
-0.409778
0.186074
0.186074
-0.186074
-0.186074
0.186074
0.186074
-0.186074
-0.186074
0.235424
0.235424
-0.235424
-0.235424
0.235424
0.235424
-0.235424
-0.235424
0.85526
0.85526
-0.85526
-0.85526
0.85526
0.85526
-0.85526
-0.85526
0.461634
0.461634
-0.461634
-0.461634
0.461634
0.461634
-0.461634
-0.461634
0.85526
0.85526
-0.85526
-0.85526
0.85526
0.85526
-0.85526
-0.85526
0.461634
0.461634
-0.461634
-0.461634
0.461634
0.461634
-0.461634
-0.461634
0.235424
0.235424
-0.235424
-0.235424
0.235424
0.235424
-0.235424
-0.235424
0.284207
0.284207
-0.284207
-0.284207
0.284207
0.284207
-0.284207
-0.284207
0.811192
0.811192
-0.811192
-0.811192
0.811192
0.811192
-0.811192
-0.811192
0.511071
0.511071
-0.511071
-0.511071
0.511071
0.511071
-0.511071
-0.511071
0.811192
0.811192
-0.811192
-0.811192
0.811192
0.811192
-0.811192
-0.811192
0.511071
0.511071
-0.511071
-0.511071
0.511071
0.511071
-0.511071
-0.511071
0.284207
0.284207
-0.284207
-0.284207
0.284207
0.284207
-0.284207
-0.284207
0.331778
0.331778
-0.331778
-0.331778
0.331778
0.331778
-0.331778
-0.331778
0.76082
0.76082
-0.76082
-0.76082
0.76082
0.76082
-0.76082
-0.76082
0.557742
0.557742
-0.557742
-0.557742
0.557742
0.557742
-0.557742
-0.557742
0.76082
0.76082
-0.76082
-0.76082
0.76082
0.76082
-0.76082
-0.76082
0.557742
0.557742
-0.557742
-0.557742
0.557742
0.557742
-0.557742
-0.557742
0.331778
0.331778
-0.331778
-0.331778
0.331778
0.331778
-0.331778
-0.331778
0.37753
0.37753
-0.37753
-0.37753
0.37753
0.37753
-0.37753
-0.37753
0.704203
0.704203
-0.704203
-0.704203
0.704203
0.704203
-0.704203
-0.704203
0.601306
0.601306
-0.601306
-0.601306
0.601306
0.601306
-0.601306
-0.601306
0.704203
0.704203
-0.704203
-0.704203
0.704203
0.704203
-0.704203
-0.704203
0.601306
0.601306
-0.601306
-0.601306
0.601306
0.601306
-0.601306
-0.601306
0.37753
0.37753
-0.37753
-0.37753
0.37753
0.37753
-0.37753
-0.37753
0.0459937
0.0459937
-0.0459937
-0.0459937
0.0459937
0.0459937
-0.0459937
-0.0459937
0.929415
0.929415
-0.929415
-0.929415
0.929415
0.929415
-0.929415
-0.929415
0.36616
0.36616
-0.36616
-0.36616
0.36616
0.36616
-0.36616
-0.36616
0.929415
0.929415
-0.929415
-0.929415
0.929415
0.929415
-0.929415
-0.929415
0.36616
0.36616
-0.36616
-0.36616
0.36616
0.36616
-0.36616
-0.36616
0.0459937
0.0459937
-0.0459937
-0.0459937
0.0459937
0.0459937
-0.0459937
-0.0459937
0.0940489
0.0940489
-0.0940489
-0.0940489
0.0940489
0.0940489
-0.0940489
-0.0940489
0.900877
0.900877
-0.900877
-0.900877
0.900877
0.900877
-0.900877
-0.900877
0.423763
0.423763
-0.423763
-0.423763
0.423763
0.423763
-0.423763
-0.423763
0.900877
0.900877
-0.900877
-0.900877
0.900877
0.900877
-0.900877
-0.900877
0.423763
0.423763
-0.423763
-0.423763
0.423763
0.423763
-0.423763
-0.423763
0.0940489
0.0940489
-0.0940489
-0.0940489
0.0940489
0.0940489
-0.0940489
-0.0940489
0.143138
0.143138
-0.143138
-0.143138
0.143138
0.143138
-0.143138
-0.143138
0.866269
0.866269
-0.866269
-0.866269
0.866269
0.866269
-0.866269
-0.866269
0.478633
0.478633
-0.478633
-0.478633
0.478633
0.478633
-0.478633
-0.478633
0.866269
0.866269
-0.866269
-0.866269
0.866269
0.866269
-0.866269
-0.866269
0.478633
0.478633
-0.478633
-0.478633
0.478633
0.478633
-0.478633
-0.478633
0.143138
0.143138
-0.143138
-0.143138
0.143138
0.143138
-0.143138
-0.143138
0.192419
0.192419
-0.192419
-0.192419
0.192419
0.192419
-0.192419
-0.192419
0.825512
0.825512
-0.825512
-0.825512
0.825512
0.825512
-0.825512
-0.825512
0.53057
0.53057
-0.53057
-0.53057
0.53057
0.53057
-0.53057
-0.53057
0.825512
0.825512
-0.825512
-0.825512
0.825512
0.825512
-0.825512
-0.825512
0.53057
0.53057
-0.53057
-0.53057
0.53057
0.53057
-0.53057
-0.53057
0.192419
0.192419
-0.192419
-0.192419
0.192419
0.192419
-0.192419
-0.192419
0.241159
0.241159
-0.241159
-0.241159
0.241159
0.241159
-0.241159
-0.241159
0.778591
0.778591
-0.778591
-0.778591
0.778591
0.778591
-0.778591
-0.778591
0.579344
0.579344
-0.579344
-0.579344
0.579344
0.579344
-0.579344
-0.579344
0.778591
0.778591
-0.778591
-0.778591
0.778591
0.778591
-0.778591
-0.778591
0.579344
0.579344
-0.579344
-0.579344
0.579344
0.579344
-0.579344
-0.579344
0.241159
0.241159
-0.241159
-0.241159
0.241159
0.241159
-0.241159
-0.241159
0.288687
0.288687
-0.288687
-0.288687
0.288687
0.288687
-0.288687
-0.288687
0.725535
0.725535
-0.725535
-0.725535
0.725535
0.725535
-0.725535
-0.725535
0.624707
0.624707
-0.624707
-0.624707
0.624707
0.624707
-0.624707
-0.624707
0.725535
0.725535
-0.725535
-0.725535
0.725535
0.725535
-0.725535
-0.725535
0.624707
0.624707
-0.624707
-0.624707
0.624707
0.624707
-0.624707
-0.624707
0.288687
0.288687
-0.288687
-0.288687
0.288687
0.288687
-0.288687
-0.288687
0.0480498
0.0480498
-0.0480498
-0.0480498
0.0480498
0.0480498
-0.0480498
-0.0480498
0.871838
0.871838
-0.871838
-0.871838
0.871838
0.871838
-0.871838
-0.871838
0.487432
0.487432
-0.487432
-0.487432
0.487432
0.487432
-0.487432
-0.487432
0.871838
0.871838
-0.871838
-0.871838
0.871838
0.871838
-0.871838
-0.871838
0.487432
0.487432
-0.487432
-0.487432
0.487432
0.487432
-0.487432
-0.487432
0.0480498
0.0480498
-0.0480498
-0.0480498
0.0480498
0.0480498
-0.0480498
-0.0480498
0.0971686
0.0971686
-0.0971686
-0.0971686
0.0971686
0.0971686
-0.0971686
-0.0971686
0.834265
0.834265
-0.834265
-0.834265
0.834265
0.834265
-0.834265
-0.834265
0.542734
0.542734
-0.542734
-0.542734
0.542734
0.542734
-0.542734
-0.542734
0.834265
0.834265
-0.834265
-0.834265
0.834265
0.834265
-0.834265
-0.834265
0.542734
0.542734
-0.542734
-0.542734
0.542734
0.542734
-0.542734
-0.542734
0.0971686
0.0971686
-0.0971686
-0.0971686
0.0971686
0.0971686
-0.0971686
-0.0971686
0.146521
0.146521
-0.146521
-0.146521
0.146521
0.146521
-0.146521
-0.146521
0.790747
0.790747
-0.790747
-0.790747
0.790747
0.790747
-0.790747
-0.790747
0.594349
0.594349
-0.594349
-0.594349
0.594349
0.594349
-0.594349
-0.594349
0.790747
0.790747
-0.790747
-0.790747
0.790747
0.790747
-0.790747
-0.790747
0.594349
0.594349
-0.594349
-0.594349
0.594349
0.594349
-0.594349
-0.594349
0.146521
0.146521
-0.146521
-0.146521
0.146521
0.146521
-0.146521
-0.146521
0.195358
0.195358
-0.195358
-0.195358
0.195358
0.195358
-0.195358
-0.195358
0.741284
0.741284
-0.741284
-0.741284
0.741284
0.741284
-0.741284
-0.741284
0.642131
0.642131
-0.642131
-0.642131
0.642131
0.642131
-0.642131
-0.642131
0.741284
0.741284
-0.741284
-0.741284
0.741284
0.741284
-0.741284
-0.741284
0.642131
0.642131
-0.642131
-0.642131
0.642131
0.642131
-0.642131
-0.642131
0.195358
0.195358
-0.195358
-0.195358
0.195358
0.195358
-0.195358
-0.195358
0.0491638
0.0491638
-0.0491638
-0.0491638
0.0491638
0.0491638
-0.0491638
-0.0491638
0.796934
0.796934
-0.796934
-0.796934
0.796934
0.796934
-0.796934
-0.796934
0.602063
0.602063
-0.602063
-0.602063
0.602063
0.602063
-0.602063
-0.602063
0.796934
0.796934
-0.796934
-0.796934
0.796934
0.796934
-0.796934
-0.796934
0.602063
0.602063
-0.602063
-0.602063
0.602063
0.602063
-0.602063
-0.602063
0.0491638
0.0491638
-0.0491638
-0.0491638
0.0491638
0.0491638
-0.0491638
-0.0491638
0.0986162
0.0986162
-0.0986162
-0.0986162
0.0986162
0.0986162
-0.0986162
-0.0986162
0.750978
0.750978
-0.750978
-0.750978
0.750978
0.750978
-0.750978
-0.750978
0.652922
0.652922
-0.652922
-0.652922
0.652922
0.652922
-0.652922
-0.652922
0.750978
0.750978
-0.750978
-0.750978
0.750978
0.750978
-0.750978
-0.750978
0.652922
0.652922
-0.652922
-0.652922
0.652922
0.652922
-0.652922
-0.652922
0.0986162
0.0986162
-0.0986162
-0.0986162
0.0986162
0.0986162
-0.0986162
-0.0986162
0
0
0
0
1
-1
0.57735
0.57735
0.57735
0.57735
-0.57735
-0.57735
-0.57735
-0.57735
0.999354
0.999354
0.999354
0.999354
-0.999354
-0.999354
-0.999354
-0.999354
0.0254084
0.0254084
0.0254084
0.0254084
-0.0254084
-0.0254084
-0.0254084
-0.0254084
0.0254084
0.0254084
0.0254084
0.0254084
-0.0254084
-0.0254084
-0.0254084
-0.0254084
0.995896
0.995896
0.995896
0.995896
-0.995896
-0.995896
-0.995896
-0.995896
0.0639932
0.0639932
0.0639932
0.0639932
-0.0639932
-0.0639932
-0.0639932
-0.0639932
0.0639932
0.0639932
0.0639932
0.0639932
-0.0639932
-0.0639932
-0.0639932
-0.0639932
0.988086
0.988086
0.988086
0.988086
-0.988086
-0.988086
-0.988086
-0.988086
0.108827
0.108827
0.108827
0.108827
-0.108827
-0.108827
-0.108827
-0.108827
0.108827
0.108827
0.108827
0.108827
-0.108827
-0.108827
-0.108827
-0.108827
0.975018
0.975018
0.975018
0.975018
-0.975018
-0.975018
-0.975018
-0.975018
0.157067
0.157067
0.157067
0.157067
-0.157067
-0.157067
-0.157067
-0.157067
0.157067
0.157067
0.157067
0.157067
-0.157067
-0.157067
-0.157067
-0.157067
0.956141
0.956141
0.956141
0.956141
-0.956141
-0.956141
-0.956141
-0.956141
0.207116
0.207116
0.207116
0.207116
-0.207116
-0.207116
-0.207116
-0.207116
0.207116
0.207116
0.207116
0.207116
-0.207116
-0.207116
-0.207116
-0.207116
0.93112
0.93112
0.93112
0.93112
-0.93112
-0.93112
-0.93112
-0.93112
0.257891
0.257891
0.257891
0.257891
-0.257891
-0.257891
-0.257891
-0.257891
0.257891
0.257891
0.257891
0.257891
-0.257891
-0.257891
-0.257891
-0.257891
0.899761
0.899761
0.899761
0.899761
-0.899761
-0.899761
-0.899761
-0.899761
0.308569
0.308569
0.308569
0.308569
-0.308569
-0.308569
-0.308569
-0.308569
0.308569
0.308569
0.308569
0.308569
-0.308569
-0.308569
-0.308569
-0.308569
0.861972
0.861972
0.861972
0.861972
-0.861972
-0.861972
-0.861972
-0.861972
0.358472
0.358472
0.358472
0.358472
-0.358472
-0.358472
-0.358472
-0.358472
0.358472
0.358472
0.358472
0.358472
-0.358472
-0.358472
-0.358472
-0.358472
0.817729
0.817729
0.817729
0.817729
-0.817729
-0.817729
-0.817729
-0.817729
0.407014
0.407014
0.407014
0.407014
-0.407014
-0.407014
-0.407014
-0.407014
0.407014
0.407014
0.407014
0.407014
-0.407014
-0.407014
-0.407014
-0.407014
0.767061
0.767061
0.767061
0.767061
-0.767061
-0.767061
-0.767061
-0.767061
0.453662
0.453662
0.453662
0.453662
-0.453662
-0.453662
-0.453662
-0.453662
0.453662
0.453662
0.453662
0.453662
-0.453662
-0.453662
-0.453662
-0.453662
0.710037
0.710037
0.710037
0.710037
-0.710037
-0.710037
-0.710037
-0.710037
0.49792
0.49792
0.49792
0.49792
-0.49792
-0.49792
-0.49792
-0.49792
0.49792
0.49792
0.49792
0.49792
-0.49792
-0.49792
-0.49792
-0.49792
0.646757
0.646757
0.646757
0.646757
-0.646757
-0.646757
-0.646757
-0.646757
0.539308
0.539308
0.539308
0.539308
-0.539308
-0.539308
-0.539308
-0.539308
0.539308
0.539308
0.539308
0.539308
-0.539308
-0.539308
-0.539308
-0.539308
0.50198
0.50198
0.50198
0.50198
-0.50198
-0.50198
-0.50198
-0.50198
0.611562
0.611562
0.611562
0.611562
-0.611562
-0.611562
-0.611562
-0.611562
0.611562
0.611562
0.611562
0.611562
-0.611562
-0.611562
-0.611562
-0.611562
0.420872
0.420872
0.420872
0.420872
-0.420872
-0.420872
-0.420872
-0.420872
0.641431
0.641431
0.641431
0.641431
-0.641431
-0.641431
-0.641431
-0.641431
0.641431
0.641431
0.641431
0.641431
-0.641431
-0.641431
-0.641431
-0.641431
0.334358
0.334358
0.334358
0.334358
-0.334358
-0.334358
-0.334358
-0.334358
0.66641
0.66641
0.66641
0.66641
-0.66641
-0.66641
-0.66641
-0.66641
0.66641
0.66641
0.66641
0.66641
-0.66641
-0.66641
-0.66641
-0.66641
0.242977
0.242977
0.242977
0.242977
-0.242977
-0.242977
-0.242977
-0.242977
0.685916
0.685916
0.685916
0.685916
-0.685916
-0.685916
-0.685916
-0.685916
0.685916
0.685916
0.685916
0.685916
-0.685916
-0.685916
-0.685916
-0.685916
0.147594
0.147594
0.147594
0.147594
-0.147594
-0.147594
-0.147594
-0.147594
0.699363
0.699363
0.699363
0.699363
-0.699363
-0.699363
-0.699363
-0.699363
0.699363
0.699363
0.699363
0.699363
-0.699363
-0.699363
-0.699363
-0.699363
0.0495176
0.0495176
0.0495176
0.0495176
-0.0495176
-0.0495176
-0.0495176
-0.0495176
0.706239
0.706239
0.706239
0.706239
-0.706239
-0.706239
-0.706239
-0.706239
0.706239
0.706239
0.706239
0.706239
-0.706239
-0.706239
-0.706239
-0.706239
0
0
0
0
0
0
0
0
0.997199
0.997199
-0.997199
-0.997199
0.0747903
0.0747903
-0.0747903
-0.0747903
0.997199
0.997199
-0.997199
-0.997199
0.0747903
0.0747903
-0.0747903
-0.0747903
0
0
0
0
0
0
0
0
0.982758
0.982758
-0.982758
-0.982758
0.184895
0.184895
-0.184895
-0.184895
0.982758
0.982758
-0.982758
-0.982758
0.184895
0.184895
-0.184895
-0.184895
0
0
0
0
0
0
0
0
0.952047
0.952047
-0.952047
-0.952047
0.305953
0.305953
-0.305953
-0.305953
0.952047
0.952047
-0.952047
-0.952047
0.305953
0.305953
-0.305953
-0.305953
0
0
0
0
0
0
0
0
0.903515
0.903515
-0.903515
-0.903515
0.428556
0.428556
-0.428556
-0.428556
0.903515
0.903515
-0.903515
-0.903515
0.428556
0.428556
-0.428556
-0.428556
0
0
0
0
0
0
0
0
0.837214
0.837214
-0.837214
-0.837214
0.546876
0.546876
-0.546876
-0.546876
0.837214
0.837214
-0.837214
-0.837214
0.546876
0.546876
-0.546876
-0.546876
0
0
0
0
0
0
0
0
0.754254
0.754254
-0.754254
-0.754254
0.656582
0.656582
-0.656582
-0.656582
0.754254
0.754254
-0.754254
-0.754254
0.656582
0.656582
-0.656582
-0.656582
0.991424
0.991424
0.991424
0.991424
-0.991424
-0.991424
-0.991424
-0.991424
0.0368192
0.0368192
0.0368192
0.0368192
-0.0368192
-0.0368192
-0.0368192
-0.0368192
0.991424
0.991424
0.991424
0.991424
-0.991424
-0.991424
-0.991424
-0.991424
0.12539
0.12539
0.12539
0.12539
-0.12539
-0.12539
-0.12539
-0.12539
0.0368192
0.0368192
0.0368192
0.0368192
-0.0368192
-0.0368192
-0.0368192
-0.0368192
0.12539
0.12539
0.12539
0.12539
-0.12539
-0.12539
-0.12539
-0.12539
0.980865
0.980865
0.980865
0.980865
-0.980865
-0.980865
-0.980865
-0.980865
0.0798249
0.0798249
0.0798249
0.0798249
-0.0798249
-0.0798249
-0.0798249
-0.0798249
0.980865
0.980865
0.980865
0.980865
-0.980865
-0.980865
-0.980865
-0.980865
0.177572
0.177572
0.177572
0.177572
-0.177572
-0.177572
-0.177572
-0.177572
0.0798249
0.0798249
0.0798249
0.0798249
-0.0798249
-0.0798249
-0.0798249
-0.0798249
0.177572
0.177572
0.177572
0.177572
-0.177572
-0.177572
-0.177572
-0.177572
0.964803
0.964803
0.964803
0.964803
-0.964803
-0.964803
-0.964803
-0.964803
0.126464
0.126464
0.126464
0.126464
-0.126464
-0.126464
-0.126464
-0.126464
0.964803
0.964803
0.964803
0.964803
-0.964803
-0.964803
-0.964803
-0.964803
0.230569
0.230569
0.230569
0.230569
-0.230569
-0.230569
-0.230569
-0.230569
0.126464
0.126464
0.126464
0.126464
-0.126464
-0.126464
-0.126464
-0.126464
0.230569
0.230569
0.230569
0.230569
-0.230569
-0.230569
-0.230569
-0.230569
0.942795
0.942795
0.942795
0.942795
-0.942795
-0.942795
-0.942795
-0.942795
0.175159
0.175159
0.175159
0.175159
-0.175159
-0.175159
-0.175159
-0.175159
0.942795
0.942795
0.942795
0.942795
-0.942795
-0.942795
-0.942795
-0.942795
0.28365
0.28365
0.28365
0.28365
-0.28365
-0.28365
-0.28365
-0.28365
0.175159
0.175159
0.175159
0.175159
-0.175159
-0.175159
-0.175159
-0.175159
0.28365
0.28365
0.28365
0.28365
-0.28365
-0.28365
-0.28365
-0.28365
0.914576
0.914576
0.914576
0.914576
-0.914576
-0.914576
-0.914576
-0.914576
0.2248
0.2248
0.2248
0.2248
-0.2248
-0.2248
-0.2248
-0.2248
0.914576
0.914576
0.914576
0.914576
-0.914576
-0.914576
-0.914576
-0.914576
0.336179
0.336179
0.336179
0.336179
-0.336179
-0.336179
-0.336179
-0.336179
0.2248
0.2248
0.2248
0.2248
-0.2248
-0.2248
-0.2248
-0.2248
0.336179
0.336179
0.336179
0.336179
-0.336179
-0.336179
-0.336179
-0.336179
0.880001
0.880001
0.880001
0.880001
-0.880001
-0.880001
-0.880001
-0.880001
0.27453
0.27453
0.27453
0.27453
-0.27453
-0.27453
-0.27453
-0.27453
0.880001
0.880001
0.880001
0.880001
-0.880001
-0.880001
-0.880001
-0.880001
0.387598
0.387598
0.387598
0.387598
-0.387598
-0.387598
-0.387598
-0.387598
0.27453
0.27453
0.27453
0.27453
-0.27453
-0.27453
-0.27453
-0.27453
0.387598
0.387598
0.387598
0.387598
-0.387598
-0.387598
-0.387598
-0.387598
0.83901
0.83901
0.83901
0.83901
-0.83901
-0.83901
-0.83901
-0.83901
0.323637
0.323637
0.323637
0.323637
-0.323637
-0.323637
-0.323637
-0.323637
0.83901
0.83901
0.83901
0.83901
-0.83901
-0.83901
-0.83901
-0.83901
0.437402
0.437402
0.437402
0.437402
-0.437402
-0.437402
-0.437402
-0.437402
0.323637
0.323637
0.323637
0.323637
-0.323637
-0.323637
-0.323637
-0.323637
0.437402
0.437402
0.437402
0.437402
-0.437402
-0.437402
-0.437402
-0.437402
0.791607
0.791607
0.791607
0.791607
-0.791607
-0.791607
-0.791607
-0.791607
0.371497
0.371497
0.371497
0.371497
-0.371497
-0.371497
-0.371497
-0.371497
0.791607
0.791607
0.791607
0.791607
-0.791607
-0.791607
-0.791607
-0.791607
0.485128
0.485128
0.485128
0.485128
-0.485128
-0.485128
-0.485128
-0.485128
0.371497
0.371497
0.371497
0.371497
-0.371497
-0.371497
-0.371497
-0.371497
0.485128
0.485128
0.485128
0.485128
-0.485128
-0.485128
-0.485128
-0.485128
0.737838
0.737838
0.737838
0.737838
-0.737838
-0.737838
-0.737838
-0.737838
0.417535
0.417535
0.417535
0.417535
-0.417535
-0.417535
-0.417535
-0.417535
0.737838
0.737838
0.737838
0.737838
-0.737838
-0.737838
-0.737838
-0.737838
0.530339
0.530339
0.530339
0.530339
-0.530339
-0.530339
-0.530339
-0.530339
0.417535
0.417535
0.417535
0.417535
-0.417535
-0.417535
-0.417535
-0.417535
0.530339
0.530339
0.530339
0.530339
-0.530339
-0.530339
-0.530339
-0.530339
0.677786
0.677786
0.677786
0.677786
-0.677786
-0.677786
-0.677786
-0.677786
0.461208
0.461208
0.461208
0.461208
-0.461208
-0.461208
-0.461208
-0.461208
0.677786
0.677786
0.677786
0.677786
-0.677786
-0.677786
-0.677786
-0.677786
0.57262
0.57262
0.57262
0.57262
-0.57262
-0.57262
-0.57262
-0.57262
0.461208
0.461208
0.461208
0.461208
-0.461208
-0.461208
-0.461208
-0.461208
0.57262
0.57262
0.57262
0.57262
-0.57262
-0.57262
-0.57262
-0.57262
0.969053
0.969053
0.969053
0.969053
-0.969053
-0.969053
-0.969053
-0.969053
0.0425804
0.0425804
0.0425804
0.0425804
-0.0425804
-0.0425804
-0.0425804
-0.0425804
0.969053
0.969053
0.969053
0.969053
-0.969053
-0.969053
-0.969053
-0.969053
0.243152
0.243152
0.243152
0.243152
-0.243152
-0.243152
-0.243152
-0.243152
0.0425804
0.0425804
0.0425804
0.0425804
-0.0425804
-0.0425804
-0.0425804
-0.0425804
0.243152
0.243152
0.243152
0.243152
-0.243152
-0.243152
-0.243152
-0.243152
0.949741
0.949741
0.949741
0.949741
-0.949741
-0.949741
-0.949741
-0.949741
0.0886942
0.0886942
0.0886942
0.0886942
-0.0886942
-0.0886942
-0.0886942
-0.0886942
0.949741
0.949741
0.949741
0.949741
-0.949741
-0.949741
-0.949741
-0.949741
0.30021
0.30021
0.30021
0.30021
-0.30021
-0.30021
-0.30021
-0.30021
0.0886942
0.0886942
0.0886942
0.0886942
-0.0886942
-0.0886942
-0.0886942
-0.0886942
0.30021
0.30021
0.30021
0.30021
-0.30021
-0.30021
-0.30021
-0.30021
0.924462
0.924462
0.924462
0.924462
-0.924462
-0.924462
-0.924462
-0.924462
0.136881
0.136881
0.136881
0.136881
-0.136881
-0.136881
-0.136881
-0.136881
0.924462
0.924462
0.924462
0.924462
-0.924462
-0.924462
-0.924462
-0.924462
0.355855
0.355855
0.355855
0.355855
-0.355855
-0.355855
-0.355855
-0.355855
0.136881
0.136881
0.136881
0.136881
-0.136881
-0.136881
-0.136881
-0.136881
0.355855
0.355855
0.355855
0.355855
-0.355855
-0.355855
-0.355855
-0.355855
0.893005
0.893005
0.893005
0.893005
-0.893005
-0.893005
-0.893005
-0.893005
0.186074
0.186074
0.186074
0.186074
-0.186074
-0.186074
-0.186074
-0.186074
0.893005
0.893005
0.893005
0.893005
-0.893005
-0.893005
-0.893005
-0.893005
0.409778
0.409778
0.409778
0.409778
-0.409778
-0.409778
-0.409778
-0.409778
0.186074
0.186074
0.186074
0.186074
-0.186074
-0.186074
-0.186074
-0.186074
0.409778
0.409778
0.409778
0.409778
-0.409778
-0.409778
-0.409778
-0.409778
0.85526
0.85526
0.85526
0.85526
-0.85526
-0.85526
-0.85526
-0.85526
0.235424
0.235424
0.235424
0.235424
-0.235424
-0.235424
-0.235424
-0.235424
0.85526
0.85526
0.85526
0.85526
-0.85526
-0.85526
-0.85526
-0.85526
0.461634
0.461634
0.461634
0.461634
-0.461634
-0.461634
-0.461634
-0.461634
0.235424
0.235424
0.235424
0.235424
-0.235424
-0.235424
-0.235424
-0.235424
0.461634
0.461634
0.461634
0.461634
-0.461634
-0.461634
-0.461634
-0.461634
0.811192
0.811192
0.811192
0.811192
-0.811192
-0.811192
-0.811192
-0.811192
0.284207
0.284207
0.284207
0.284207
-0.284207
-0.284207
-0.284207
-0.284207
0.811192
0.811192
0.811192
0.811192
-0.811192
-0.811192
-0.811192
-0.811192
0.511071
0.511071
0.511071
0.511071
-0.511071
-0.511071
-0.511071
-0.511071
0.284207
0.284207
0.284207
0.284207
-0.284207
-0.284207
-0.284207
-0.284207
0.511071
0.511071
0.511071
0.511071
-0.511071
-0.511071
-0.511071
-0.511071
0.76082
0.76082
0.76082
0.76082
-0.76082
-0.76082
-0.76082
-0.76082
0.331778
0.331778
0.331778
0.331778
-0.331778
-0.331778
-0.331778
-0.331778
0.76082
0.76082
0.76082
0.76082
-0.76082
-0.76082
-0.76082
-0.76082
0.557742
0.557742
0.557742
0.557742
-0.557742
-0.557742
-0.557742
-0.557742
0.331778
0.331778
0.331778
0.331778
-0.331778
-0.331778
-0.331778
-0.331778
0.557742
0.557742
0.557742
0.557742
-0.557742
-0.557742
-0.557742
-0.557742
0.704203
0.704203
0.704203
0.704203
-0.704203
-0.704203
-0.704203
-0.704203
0.37753
0.37753
0.37753
0.37753
-0.37753
-0.37753
-0.37753
-0.37753
0.704203
0.704203
0.704203
0.704203
-0.704203
-0.704203
-0.704203
-0.704203
0.601306
0.601306
0.601306
0.601306
-0.601306
-0.601306
-0.601306
-0.601306
0.37753
0.37753
0.37753
0.37753
-0.37753
-0.37753
-0.37753
-0.37753
0.601306
0.601306
0.601306
0.601306
-0.601306
-0.601306
-0.601306
-0.601306
0.929415
0.929415
0.929415
0.929415
-0.929415
-0.929415
-0.929415
-0.929415
0.0459937
0.0459937
0.0459937
0.0459937
-0.0459937
-0.0459937
-0.0459937
-0.0459937
0.929415
0.929415
0.929415
0.929415
-0.929415
-0.929415
-0.929415
-0.929415
0.36616
0.36616
0.36616
0.36616
-0.36616
-0.36616
-0.36616
-0.36616
0.0459937
0.0459937
0.0459937
0.0459937
-0.0459937
-0.0459937
-0.0459937
-0.0459937
0.36616
0.36616
0.36616
0.36616
-0.36616
-0.36616
-0.36616
-0.36616
0.900877
0.900877
0.900877
0.900877
-0.900877
-0.900877
-0.900877
-0.900877
0.0940489
0.0940489
0.0940489
0.0940489
-0.0940489
-0.0940489
-0.0940489
-0.0940489
0.900877
0.900877
0.900877
0.900877
-0.900877
-0.900877
-0.900877
-0.900877
0.423763
0.423763
0.423763
0.423763
-0.423763
-0.423763
-0.423763
-0.423763
0.0940489
0.0940489
0.0940489
0.0940489
-0.0940489
-0.0940489
-0.0940489
-0.0940489
0.423763
0.423763
0.423763
0.423763
-0.423763
-0.423763
-0.423763
-0.423763
0.866269
0.866269
0.866269
0.866269
-0.866269
-0.866269
-0.866269
-0.866269
0.143138
0.143138
0.143138
0.143138
-0.143138
-0.143138
-0.143138
-0.143138
0.866269
0.866269
0.866269
0.866269
-0.866269
-0.866269
-0.866269
-0.866269
0.478633
0.478633
0.478633
0.478633
-0.478633
-0.478633
-0.478633
-0.478633
0.143138
0.143138
0.143138
0.143138
-0.143138
-0.143138
-0.143138
-0.143138
0.478633
0.478633
0.478633
0.478633
-0.478633
-0.478633
-0.478633
-0.478633
0.825512
0.825512
0.825512
0.825512
-0.825512
-0.825512
-0.825512
-0.825512
0.192419
0.192419
0.192419
0.192419
-0.192419
-0.192419
-0.192419
-0.192419
0.825512
0.825512
0.825512
0.825512
-0.825512
-0.825512
-0.825512
-0.825512
0.53057
0.53057
0.53057
0.53057
-0.53057
-0.53057
-0.53057
-0.53057
0.192419
0.192419
0.192419
0.192419
-0.192419
-0.192419
-0.192419
-0.192419
0.53057
0.53057
0.53057
0.53057
-0.53057
-0.53057
-0.53057
-0.53057
0.778591
0.778591
0.778591
0.778591
-0.778591
-0.778591
-0.778591
-0.778591
0.241159
0.241159
0.241159
0.241159
-0.241159
-0.241159
-0.241159
-0.241159
0.778591
0.778591
0.778591
0.778591
-0.778591
-0.778591
-0.778591
-0.778591
0.579344
0.579344
0.579344
0.579344
-0.579344
-0.579344
-0.579344
-0.579344
0.241159
0.241159
0.241159
0.241159
-0.241159
-0.241159
-0.241159
-0.241159
0.579344
0.579344
0.579344
0.579344
-0.579344
-0.579344
-0.579344
-0.579344
0.725535
0.725535
0.725535
0.725535
-0.725535
-0.725535
-0.725535
-0.725535
0.288687
0.288687
0.288687
0.288687
-0.288687
-0.288687
-0.288687
-0.288687
0.725535
0.725535
0.725535
0.725535
-0.725535
-0.725535
-0.725535
-0.725535
0.624707
0.624707
0.624707
0.624707
-0.624707
-0.624707
-0.624707
-0.624707
0.288687
0.288687
0.288687
0.288687
-0.288687
-0.288687
-0.288687
-0.288687
0.624707
0.624707
0.624707
0.624707
-0.624707
-0.624707
-0.624707
-0.624707
0.871838
0.871838
0.871838
0.871838
-0.871838
-0.871838
-0.871838
-0.871838
0.0480498
0.0480498
0.0480498
0.0480498
-0.0480498
-0.0480498
-0.0480498
-0.0480498
0.871838
0.871838
0.871838
0.871838
-0.871838
-0.871838
-0.871838
-0.871838
0.487432
0.487432
0.487432
0.487432
-0.487432
-0.487432
-0.487432
-0.487432
0.0480498
0.0480498
0.0480498
0.0480498
-0.0480498
-0.0480498
-0.0480498
-0.0480498
0.487432
0.487432
0.487432
0.487432
-0.487432
-0.487432
-0.487432
-0.487432
0.834265
0.834265
0.834265
0.834265
-0.834265
-0.834265
-0.834265
-0.834265
0.0971686
0.0971686
0.0971686
0.0971686
-0.0971686
-0.0971686
-0.0971686
-0.0971686
0.834265
0.834265
0.834265
0.834265
-0.834265
-0.834265
-0.834265
-0.834265
0.542734
0.542734
0.542734
0.542734
-0.542734
-0.542734
-0.542734
-0.542734
0.0971686
0.0971686
0.0971686
0.0971686
-0.0971686
-0.0971686
-0.0971686
-0.0971686
0.542734
0.542734
0.542734
0.542734
-0.542734
-0.542734
-0.542734
-0.542734
0.790747
0.790747
0.790747
0.790747
-0.790747
-0.790747
-0.790747
-0.790747
0.146521
0.146521
0.146521
0.146521
-0.146521
-0.146521
-0.146521
-0.146521
0.790747
0.790747
0.790747
0.790747
-0.790747
-0.790747
-0.790747
-0.790747
0.594349
0.594349
0.594349
0.594349
-0.594349
-0.594349
-0.594349
-0.594349
0.146521
0.146521
0.146521
0.146521
-0.146521
-0.146521
-0.146521
-0.146521
0.594349
0.594349
0.594349
0.594349
-0.594349
-0.594349
-0.594349
-0.594349
0.741284
0.741284
0.741284
0.741284
-0.741284
-0.741284
-0.741284
-0.741284
0.195358
0.195358
0.195358
0.195358
-0.195358
-0.195358
-0.195358
-0.195358
0.741284
0.741284
0.741284
0.741284
-0.741284
-0.741284
-0.741284
-0.741284
0.642131
0.642131
0.642131
0.642131
-0.642131
-0.642131
-0.642131
-0.642131
0.195358
0.195358
0.195358
0.195358
-0.195358
-0.195358
-0.195358
-0.195358
0.642131
0.642131
0.642131
0.642131
-0.642131
-0.642131
-0.642131
-0.642131
0.796934
0.796934
0.796934
0.796934
-0.796934
-0.796934
-0.796934
-0.796934
0.0491638
0.0491638
0.0491638
0.0491638
-0.0491638
-0.0491638
-0.0491638
-0.0491638
0.796934
0.796934
0.796934
0.796934
-0.796934
-0.796934
-0.796934
-0.796934
0.602063
0.602063
0.602063
0.602063
-0.602063
-0.602063
-0.602063
-0.602063
0.0491638
0.0491638
0.0491638
0.0491638
-0.0491638
-0.0491638
-0.0491638
-0.0491638
0.602063
0.602063
0.602063
0.602063
-0.602063
-0.602063
-0.602063
-0.602063
0.750978
0.750978
0.750978
0.750978
-0.750978
-0.750978
-0.750978
-0.750978
0.0986162
0.0986162
0.0986162
0.0986162
-0.0986162
-0.0986162
-0.0986162
-0.0986162
0.750978
0.750978
0.750978
0.750978
-0.750978
-0.750978
-0.750978
-0.750978
0.652922
0.652922
0.652922
0.652922
-0.652922
-0.652922
-0.652922
-0.652922
0.0986162
0.0986162
0.0986162
0.0986162
-0.0986162
-0.0986162
-0.0986162
-0.0986162
0.652922
0.652922
0.652922
0.652922
-0.652922
-0.652922
-0.652922
-0.652922
0.000585094
0.000585094
0.000585094
0.000585094
0.000585094
0.000585094
0.00681292
0.00681292
0.00681292
0.00681292
0.00681292
0.00681292
0.00681292
0.00681292
0.00223496
0.00223496
0.00223496
0.00223496
0.00223496
0.00223496
0.00223496
0.00223496
0.00223496
0.00223496
0.00223496
0.00223496
0.00223496
0.00223496
0.00223496
0.00223496
0.00223496
0.00223496
0.00223496
0.00223496
0.00223496
0.00223496
0.00223496
0.00223496
0.00353282
0.00353282
0.00353282
0.00353282
0.00353282
0.00353282
0.00353282
0.00353282
0.00353282
0.00353282
0.00353282
0.00353282
0.00353282
0.00353282
0.00353282
0.00353282
0.00353282
0.00353282
0.00353282
0.00353282
0.00353282
0.00353282
0.00353282
0.00353282
0.00445967
0.00445967
0.00445967
0.00445967
0.00445967
0.00445967
0.00445967
0.00445967
0.00445967
0.00445967
0.00445967
0.00445967
0.00445967
0.00445967
0.00445967
0.00445967
0.00445967
0.00445967
0.00445967
0.00445967
0.00445967
0.00445967
0.00445967
0.00445967
0.00514004
0.00514004
0.00514004
0.00514004
0.00514004
0.00514004
0.00514004
0.00514004
0.00514004
0.00514004
0.00514004
0.00514004
0.00514004
0.00514004
0.00514004
0.00514004
0.00514004
0.00514004
0.00514004
0.00514004
0.00514004
0.00514004
0.00514004
0.00514004
0.00564643
0.00564643
0.00564643
0.00564643
0.00564643
0.00564643
0.00564643
0.00564643
0.00564643
0.00564643
0.00564643
0.00564643
0.00564643
0.00564643
0.00564643
0.00564643
0.00564643
0.00564643
0.00564643
0.00564643
0.00564643
0.00564643
0.00564643
0.00564643
0.00602398
0.00602398
0.00602398
0.00602398
0.00602398
0.00602398
0.00602398
0.00602398
0.00602398
0.00602398
0.00602398
0.00602398
0.00602398
0.00602398
0.00602398
0.00602398
0.00602398
0.00602398
0.00602398
0.00602398
0.00602398
0.00602398
0.00602398
0.00602398
0.00630256
0.00630256
0.00630256
0.00630256
0.00630256
0.00630256
0.00630256
0.00630256
0.00630256
0.00630256
0.00630256
0.00630256
0.00630256
0.00630256
0.00630256
0.00630256
0.00630256
0.00630256
0.00630256
0.00630256
0.00630256
0.00630256
0.00630256
0.00630256
0.00650326
0.00650326
0.00650326
0.00650326
0.00650326
0.00650326
0.00650326
0.00650326
0.00650326
0.00650326
0.00650326
0.00650326
0.00650326
0.00650326
0.00650326
0.00650326
0.00650326
0.00650326
0.00650326
0.00650326
0.00650326
0.00650326
0.00650326
0.00650326
0.00664198
0.00664198
0.00664198
0.00664198
0.00664198
0.00664198
0.00664198
0.00664198
0.00664198
0.00664198
0.00664198
0.00664198
0.00664198
0.00664198
0.00664198
0.00664198
0.00664198
0.00664198
0.00664198
0.00664198
0.00664198
0.00664198
0.00664198
0.00664198
0.00673159
0.00673159
0.00673159
0.00673159
0.00673159
0.00673159
0.00673159
0.00673159
0.00673159
0.00673159
0.00673159
0.00673159
0.00673159
0.00673159
0.00673159
0.00673159
0.00673159
0.00673159
0.00673159
0.00673159
0.00673159
0.00673159
0.00673159
0.00673159
0.00678322
0.00678322
0.00678322
0.00678322
0.00678322
0.00678322
0.00678322
0.00678322
0.00678322
0.00678322
0.00678322
0.00678322
0.00678322
0.00678322
0.00678322
0.00678322
0.00678322
0.00678322
0.00678322
0.00678322
0.00678322
0.00678322
0.00678322
0.00678322
0.00680708
0.00680708
0.00680708
0.00680708
0.00680708
0.00680708
0.00680708
0.00680708
0.00680708
0.00680708
0.00680708
0.00680708
0.00680708
0.00680708
0.00680708
0.00680708
0.00680708
0.00680708
0.00680708
0.00680708
0.00680708
0.00680708
0.00680708
0.00680708
0.0068101
0.0068101
0.0068101
0.0068101
0.0068101
0.0068101
0.0068101
0.0068101
0.0068101
0.0068101
0.0068101
0.0068101
0.0068101
0.0068101
0.0068101
0.0068101
0.0068101
0.0068101
0.0068101
0.0068101
0.0068101
0.0068101
0.0068101
0.0068101
0.00680712
0.00680712
0.00680712
0.00680712
0.00680712
0.00680712
0.00680712
0.00680712
0.00680712
0.00680712
0.00680712
0.00680712
0.00680712
0.00680712
0.00680712
0.00680712
0.00680712
0.00680712
0.00680712
0.00680712
0.00680712
0.00680712
0.00680712
0.00680712
0.0068104
0.0068104
0.0068104
0.0068104
0.0068104
0.0068104
0.0068104
0.0068104
0.0068104
0.0068104
0.0068104
0.0068104
0.0068104
0.0068104
0.0068104
0.0068104
0.0068104
0.0068104
0.0068104
0.0068104
0.0068104
0.0068104
0.0068104
0.0068104
0.00682226
0.00682226
0.00682226
0.00682226
0.00682226
0.00682226
0.00682226
0.00682226
0.00682226
0.00682226
0.00682226
0.00682226
0.00682226
0.00682226
0.00682226
0.00682226
0.00682226
0.00682226
0.00682226
0.00682226
0.00682226
0.00682226
0.00682226
0.00682226
0.00683898
0.00683898
0.00683898
0.00683898
0.00683898
0.00683898
0.00683898
0.00683898
0.00683898
0.00683898
0.00683898
0.00683898
0.00683898
0.00683898
0.00683898
0.00683898
0.00683898
0.00683898
0.00683898
0.00683898
0.00683898
0.00683898
0.00683898
0.00683898
0.0068515
0.0068515
0.0068515
0.0068515
0.0068515
0.0068515
0.0068515
0.0068515
0.0068515
0.0068515
0.0068515
0.0068515
0.0068515
0.0068515
0.0068515
0.0068515
0.0068515
0.0068515
0.0068515
0.0068515
0.0068515
0.0068515
0.0068515
0.0068515
0.00322705
0.00322705
0.00322705
0.00322705
0.00322705
0.00322705
0.00322705
0.00322705
0.00322705
0.00322705
0.00322705
0.00322705
0.00322705
0.00322705
0.00322705
0.00322705
0.00322705
0.00322705
0.00322705
0.00322705
0.00322705
0.00322705
0.00322705
0.00322705
0.00480942
0.00480942
0.00480942
0.00480942
0.00480942
0.00480942
0.00480942
0.00480942
0.00480942
0.00480942
0.00480942
0.00480942
0.00480942
0.00480942
0.00480942
0.00480942
0.00480942
0.00480942
0.00480942
0.00480942
0.00480942
0.00480942
0.00480942
0.00480942
0.00575476
0.00575476
0.00575476
0.00575476
0.00575476
0.00575476
0.00575476
0.00575476
0.00575476
0.00575476
0.00575476
0.00575476
0.00575476
0.00575476
0.00575476
0.00575476
0.00575476
0.00575476
0.00575476
0.00575476
0.00575476
0.00575476
0.00575476
0.00575476
0.00633597
0.00633597
0.00633597
0.00633597
0.00633597
0.00633597
0.00633597
0.00633597
0.00633597
0.00633597
0.00633597
0.00633597
0.00633597
0.00633597
0.00633597
0.00633597
0.00633597
0.00633597
0.00633597
0.00633597
0.00633597
0.00633597
0.00633597
0.00633597
0.00667615
0.00667615
0.00667615
0.00667615
0.00667615
0.00667615
0.00667615
0.00667615
0.00667615
0.00667615
0.00667615
0.00667615
0.00667615
0.00667615
0.00667615
0.00667615
0.00667615
0.00667615
0.00667615
0.00667615
0.00667615
0.00667615
0.00667615
0.00667615
0.0068341
0.0068341
0.0068341
0.0068341
0.0068341
0.0068341
0.0068341
0.0068341
0.0068341
0.0068341
0.0068341
0.0068341
0.0068341
0.0068341
0.0068341
0.0068341
0.0068341
0.0068341
0.0068341
0.0068341
0.0068341
0.0068341
0.0068341
0.0068341
0.00416706
0.00416706
0.00416706
0.00416706
0.00416706
0.00416706
0.00416706
0.00416706
0.00416706
0.00416706
0.00416706
0.00416706
0.00416706
0.00416706
0.00416706
0.00416706
0.00416706
0.00416706
0.00416706
0.00416706
0.00416706
0.00416706
0.00416706
0.00416706
0.00416706
0.00416706
0.00416706
0.00416706
0.00416706
0.00416706
0.00416706
0.00416706
0.00416706
0.00416706
0.00416706
0.00416706
0.00416706
0.00416706
0.00416706
0.00416706
0.00416706
0.00416706
0.00416706
0.00416706
0.00416706
0.00416706
0.00416706
0.00416706
0.00489977
0.00489977
0.00489977
0.00489977
0.00489977
0.00489977
0.00489977
0.00489977
0.00489977
0.00489977
0.00489977
0.00489977
0.00489977
0.00489977
0.00489977
0.00489977
0.00489977
0.00489977
0.00489977
0.00489977
0.00489977
0.00489977
0.00489977
0.00489977
0.00489977
0.00489977
0.00489977
0.00489977
0.00489977
0.00489977
0.00489977
0.00489977
0.00489977
0.00489977
0.00489977
0.00489977
0.00489977
0.00489977
0.00489977
0.00489977
0.00489977
0.00489977
0.00489977
0.00489977
0.00489977
0.00489977
0.00489977
0.00489977
0.00545801
0.00545801
0.00545801
0.00545801
0.00545801
0.00545801
0.00545801
0.00545801
0.00545801
0.00545801
0.00545801
0.00545801
0.00545801
0.00545801
0.00545801
0.00545801
0.00545801
0.00545801
0.00545801
0.00545801
0.00545801
0.00545801
0.00545801
0.00545801
0.00545801
0.00545801
0.00545801
0.00545801
0.00545801
0.00545801
0.00545801
0.00545801
0.00545801
0.00545801
0.00545801
0.00545801
0.00545801
0.00545801
0.00545801
0.00545801
0.00545801
0.00545801
0.00545801
0.00545801
0.00545801
0.00545801
0.00545801
0.00545801
0.00588033
0.00588033
0.00588033
0.00588033
0.00588033
0.00588033
0.00588033
0.00588033
0.00588033
0.00588033
0.00588033
0.00588033
0.00588033
0.00588033
0.00588033
0.00588033
0.00588033
0.00588033
0.00588033
0.00588033
0.00588033
0.00588033
0.00588033
0.00588033
0.00588033
0.00588033
0.00588033
0.00588033
0.00588033
0.00588033
0.00588033
0.00588033
0.00588033
0.00588033
0.00588033
0.00588033
0.00588033
0.00588033
0.00588033
0.00588033
0.00588033
0.00588033
0.00588033
0.00588033
0.00588033
0.00588033
0.00588033
0.00588033
0.00619629
0.00619629
0.00619629
0.00619629
0.00619629
0.00619629
0.00619629
0.00619629
0.00619629
0.00619629
0.00619629
0.00619629
0.00619629
0.00619629
0.00619629
0.00619629
0.00619629
0.00619629
0.00619629
0.00619629
0.00619629
0.00619629
0.00619629
0.00619629
0.00619629
0.00619629
0.00619629
0.00619629
0.00619629
0.00619629
0.00619629
0.00619629
0.00619629
0.00619629
0.00619629
0.00619629
0.00619629
0.00619629
0.00619629
0.00619629
0.00619629
0.00619629
0.00619629
0.00619629
0.00619629
0.00619629
0.00619629
0.00619629
0.00642774
0.00642774
0.00642774
0.00642774
0.00642774
0.00642774
0.00642774
0.00642774
0.00642774
0.00642774
0.00642774
0.00642774
0.00642774
0.00642774
0.00642774
0.00642774
0.00642774
0.00642774
0.00642774
0.00642774
0.00642774
0.00642774
0.00642774
0.00642774
0.00642774
0.00642774
0.00642774
0.00642774
0.00642774
0.00642774
0.00642774
0.00642774
0.00642774
0.00642774
0.00642774
0.00642774
0.00642774
0.00642774
0.00642774
0.00642774
0.00642774
0.00642774
0.00642774
0.00642774
0.00642774
0.00642774
0.00642774
0.00642774
0.00659133
0.00659133
0.00659133
0.00659133
0.00659133
0.00659133
0.00659133
0.00659133
0.00659133
0.00659133
0.00659133
0.00659133
0.00659133
0.00659133
0.00659133
0.00659133
0.00659133
0.00659133
0.00659133
0.00659133
0.00659133
0.00659133
0.00659133
0.00659133
0.00659133
0.00659133
0.00659133
0.00659133
0.00659133
0.00659133
0.00659133
0.00659133
0.00659133
0.00659133
0.00659133
0.00659133
0.00659133
0.00659133
0.00659133
0.00659133
0.00659133
0.00659133
0.00659133
0.00659133
0.00659133
0.00659133
0.00659133
0.00659133
0.00670044
0.00670044
0.00670044
0.00670044
0.00670044
0.00670044
0.00670044
0.00670044
0.00670044
0.00670044
0.00670044
0.00670044
0.00670044
0.00670044
0.00670044
0.00670044
0.00670044
0.00670044
0.00670044
0.00670044
0.00670044
0.00670044
0.00670044
0.00670044
0.00670044
0.00670044
0.00670044
0.00670044
0.00670044
0.00670044
0.00670044
0.00670044
0.00670044
0.00670044
0.00670044
0.00670044
0.00670044
0.00670044
0.00670044
0.00670044
0.00670044
0.00670044
0.00670044
0.00670044
0.00670044
0.00670044
0.00670044
0.00670044
0.00676647
0.00676647
0.00676647
0.00676647
0.00676647
0.00676647
0.00676647
0.00676647
0.00676647
0.00676647
0.00676647
0.00676647
0.00676647
0.00676647
0.00676647
0.00676647
0.00676647
0.00676647
0.00676647
0.00676647
0.00676647
0.00676647
0.00676647
0.00676647
0.00676647
0.00676647
0.00676647
0.00676647
0.00676647
0.00676647
0.00676647
0.00676647
0.00676647
0.00676647
0.00676647
0.00676647
0.00676647
0.00676647
0.00676647
0.00676647
0.00676647
0.00676647
0.00676647
0.00676647
0.00676647
0.00676647
0.00676647
0.00676647
0.00679975
0.00679975
0.00679975
0.00679975
0.00679975
0.00679975
0.00679975
0.00679975
0.00679975
0.00679975
0.00679975
0.00679975
0.00679975
0.00679975
0.00679975
0.00679975
0.00679975
0.00679975
0.00679975
0.00679975
0.00679975
0.00679975
0.00679975
0.00679975
0.00679975
0.00679975
0.00679975
0.00679975
0.00679975
0.00679975
0.00679975
0.00679975
0.00679975
0.00679975
0.00679975
0.00679975
0.00679975
0.00679975
0.00679975
0.00679975
0.00679975
0.00679975
0.00679975
0.00679975
0.00679975
0.00679975
0.00679975
0.00679975
0.00535302
0.00535302
0.00535302
0.00535302
0.00535302
0.00535302
0.00535302
0.00535302
0.00535302
0.00535302
0.00535302
0.00535302
0.00535302
0.00535302
0.00535302
0.00535302
0.00535302
0.00535302
0.00535302
0.00535302
0.00535302
0.00535302
0.00535302
0.00535302
0.00535302
0.00535302
0.00535302
0.00535302
0.00535302
0.00535302
0.00535302
0.00535302
0.00535302
0.00535302
0.00535302
0.00535302
0.00535302
0.00535302
0.00535302
0.00535302
0.00535302
0.00535302
0.00535302
0.00535302
0.00535302
0.00535302
0.00535302
0.00535302
0.00578673
0.00578673
0.00578673
0.00578673
0.00578673
0.00578673
0.00578673
0.00578673
0.00578673
0.00578673
0.00578673
0.00578673
0.00578673
0.00578673
0.00578673
0.00578673
0.00578673
0.00578673
0.00578673
0.00578673
0.00578673
0.00578673
0.00578673
0.00578673
0.00578673
0.00578673
0.00578673
0.00578673
0.00578673
0.00578673
0.00578673
0.00578673
0.00578673
0.00578673
0.00578673
0.00578673
0.00578673
0.00578673
0.00578673
0.00578673
0.00578673
0.00578673
0.00578673
0.00578673
0.00578673
0.00578673
0.00578673
0.00578673
0.0061221
0.0061221
0.0061221
0.0061221
0.0061221
0.0061221
0.0061221
0.0061221
0.0061221
0.0061221
0.0061221
0.0061221
0.0061221
0.0061221
0.0061221
0.0061221
0.0061221
0.0061221
0.0061221
0.0061221
0.0061221
0.0061221
0.0061221
0.0061221
0.0061221
0.0061221
0.0061221
0.0061221
0.0061221
0.0061221
0.0061221
0.0061221
0.0061221
0.0061221
0.0061221
0.0061221
0.0061221
0.0061221
0.0061221
0.0061221
0.0061221
0.0061221
0.0061221
0.0061221
0.0061221
0.0061221
0.0061221
0.0061221
0.00637397
0.00637397
0.00637397
0.00637397
0.00637397
0.00637397
0.00637397
0.00637397
0.00637397
0.00637397
0.00637397
0.00637397
0.00637397
0.00637397
0.00637397
0.00637397
0.00637397
0.00637397
0.00637397
0.00637397
0.00637397
0.00637397
0.00637397
0.00637397
0.00637397
0.00637397
0.00637397
0.00637397
0.00637397
0.00637397
0.00637397
0.00637397
0.00637397
0.00637397
0.00637397
0.00637397
0.00637397
0.00637397
0.00637397
0.00637397
0.00637397
0.00637397
0.00637397
0.00637397
0.00637397
0.00637397
0.00637397
0.00637397
0.00655596
0.00655596
0.00655596
0.00655596
0.00655596
0.00655596
0.00655596
0.00655596
0.00655596
0.00655596
0.00655596
0.00655596
0.00655596
0.00655596
0.00655596
0.00655596
0.00655596
0.00655596
0.00655596
0.00655596
0.00655596
0.00655596
0.00655596
0.00655596
0.00655596
0.00655596
0.00655596
0.00655596
0.00655596
0.00655596
0.00655596
0.00655596
0.00655596
0.00655596
0.00655596
0.00655596
0.00655596
0.00655596
0.00655596
0.00655596
0.00655596
0.00655596
0.00655596
0.00655596
0.00655596
0.00655596
0.00655596
0.00655596
0.00668001
0.00668001
0.00668001
0.00668001
0.00668001
0.00668001
0.00668001
0.00668001
0.00668001
0.00668001
0.00668001
0.00668001
0.00668001
0.00668001
0.00668001
0.00668001
0.00668001
0.00668001
0.00668001
0.00668001
0.00668001
0.00668001
0.00668001
0.00668001
0.00668001
0.00668001
0.00668001
0.00668001
0.00668001
0.00668001
0.00668001
0.00668001
0.00668001
0.00668001
0.00668001
0.00668001
0.00668001
0.00668001
0.00668001
0.00668001
0.00668001
0.00668001
0.00668001
0.00668001
0.00668001
0.00668001
0.00668001
0.00668001
0.00675673
0.00675673
0.00675673
0.00675673
0.00675673
0.00675673
0.00675673
0.00675673
0.00675673
0.00675673
0.00675673
0.00675673
0.00675673
0.00675673
0.00675673
0.00675673
0.00675673
0.00675673
0.00675673
0.00675673
0.00675673
0.00675673
0.00675673
0.00675673
0.00675673
0.00675673
0.00675673
0.00675673
0.00675673
0.00675673
0.00675673
0.00675673
0.00675673
0.00675673
0.00675673
0.00675673
0.00675673
0.00675673
0.00675673
0.00675673
0.00675673
0.00675673
0.00675673
0.00675673
0.00675673
0.00675673
0.00675673
0.00675673
0.00679593
0.00679593
0.00679593
0.00679593
0.00679593
0.00679593
0.00679593
0.00679593
0.00679593
0.00679593
0.00679593
0.00679593
0.00679593
0.00679593
0.00679593
0.00679593
0.00679593
0.00679593
0.00679593
0.00679593
0.00679593
0.00679593
0.00679593
0.00679593
0.00679593
0.00679593
0.00679593
0.00679593
0.00679593
0.00679593
0.00679593
0.00679593
0.00679593
0.00679593
0.00679593
0.00679593
0.00679593
0.00679593
0.00679593
0.00679593
0.00679593
0.00679593
0.00679593
0.00679593
0.00679593
0.00679593
0.00679593
0.00679593
0.00608557
0.00608557
0.00608557
0.00608557
0.00608557
0.00608557
0.00608557
0.00608557
0.00608557
0.00608557
0.00608557
0.00608557
0.00608557
0.00608557
0.00608557
0.00608557
0.00608557
0.00608557
0.00608557
0.00608557
0.00608557
0.00608557
0.00608557
0.00608557
0.00608557
0.00608557
0.00608557
0.00608557
0.00608557
0.00608557
0.00608557
0.00608557
0.00608557
0.00608557
0.00608557
0.00608557
0.00608557
0.00608557
0.00608557
0.00608557
0.00608557
0.00608557
0.00608557
0.00608557
0.00608557
0.00608557
0.00608557
0.00608557
0.00634467
0.00634467
0.00634467
0.00634467
0.00634467
0.00634467
0.00634467
0.00634467
0.00634467
0.00634467
0.00634467
0.00634467
0.00634467
0.00634467
0.00634467
0.00634467
0.00634467
0.00634467
0.00634467
0.00634467
0.00634467
0.00634467
0.00634467
0.00634467
0.00634467
0.00634467
0.00634467
0.00634467
0.00634467
0.00634467
0.00634467
0.00634467
0.00634467
0.00634467
0.00634467
0.00634467
0.00634467
0.00634467
0.00634467
0.00634467
0.00634467
0.00634467
0.00634467
0.00634467
0.00634467
0.00634467
0.00634467
0.00634467
0.00653779
0.00653779
0.00653779
0.00653779
0.00653779
0.00653779
0.00653779
0.00653779
0.00653779
0.00653779
0.00653779
0.00653779
0.00653779
0.00653779
0.00653779
0.00653779
0.00653779
0.00653779
0.00653779
0.00653779
0.00653779
0.00653779
0.00653779
0.00653779
0.00653779
0.00653779
0.00653779
0.00653779
0.00653779
0.00653779
0.00653779
0.00653779
0.00653779
0.00653779
0.00653779
0.00653779
0.00653779
0.00653779
0.00653779
0.00653779
0.00653779
0.00653779
0.00653779
0.00653779
0.00653779
0.00653779
0.00653779
0.00653779
0.00667266
0.00667266
0.00667266
0.00667266
0.00667266
0.00667266
0.00667266
0.00667266
0.00667266
0.00667266
0.00667266
0.00667266
0.00667266
0.00667266
0.00667266
0.00667266
0.00667266
0.00667266
0.00667266
0.00667266
0.00667266
0.00667266
0.00667266
0.00667266
0.00667266
0.00667266
0.00667266
0.00667266
0.00667266
0.00667266
0.00667266
0.00667266
0.00667266
0.00667266
0.00667266
0.00667266
0.00667266
0.00667266
0.00667266
0.00667266
0.00667266
0.00667266
0.00667266
0.00667266
0.00667266
0.00667266
0.00667266
0.00667266
0.00675746
0.00675746
0.00675746
0.00675746
0.00675746
0.00675746
0.00675746
0.00675746
0.00675746
0.00675746
0.00675746
0.00675746
0.00675746
0.00675746
0.00675746
0.00675746
0.00675746
0.00675746
0.00675746
0.00675746
0.00675746
0.00675746
0.00675746
0.00675746
0.00675746
0.00675746
0.00675746
0.00675746
0.00675746
0.00675746
0.00675746
0.00675746
0.00675746
0.00675746
0.00675746
0.00675746
0.00675746
0.00675746
0.00675746
0.00675746
0.00675746
0.00675746
0.00675746
0.00675746
0.00675746
0.00675746
0.00675746
0.00675746
0.00680054
0.00680054
0.00680054
0.00680054
0.00680054
0.00680054
0.00680054
0.00680054
0.00680054
0.00680054
0.00680054
0.00680054
0.00680054
0.00680054
0.00680054
0.00680054
0.00680054
0.00680054
0.00680054
0.00680054
0.00680054
0.00680054
0.00680054
0.00680054
0.00680054
0.00680054
0.00680054
0.00680054
0.00680054
0.00680054
0.00680054
0.00680054
0.00680054
0.00680054
0.00680054
0.00680054
0.00680054
0.00680054
0.00680054
0.00680054
0.00680054
0.00680054
0.00680054
0.00680054
0.00680054
0.00680054
0.00680054
0.00680054
0.00653199
0.00653199
0.00653199
0.00653199
0.00653199
0.00653199
0.00653199
0.00653199
0.00653199
0.00653199
0.00653199
0.00653199
0.00653199
0.00653199
0.00653199
0.00653199
0.00653199
0.00653199
0.00653199
0.00653199
0.00653199
0.00653199
0.00653199
0.00653199
0.00653199
0.00653199
0.00653199
0.00653199
0.00653199
0.00653199
0.00653199
0.00653199
0.00653199
0.00653199
0.00653199
0.00653199
0.00653199
0.00653199
0.00653199
0.00653199
0.00653199
0.00653199
0.00653199
0.00653199
0.00653199
0.00653199
0.00653199
0.00653199
0.00667415
0.00667415
0.00667415
0.00667415
0.00667415
0.00667415
0.00667415
0.00667415
0.00667415
0.00667415
0.00667415
0.00667415
0.00667415
0.00667415
0.00667415
0.00667415
0.00667415
0.00667415
0.00667415
0.00667415
0.00667415
0.00667415
0.00667415
0.00667415
0.00667415
0.00667415
0.00667415
0.00667415
0.00667415
0.00667415
0.00667415
0.00667415
0.00667415
0.00667415
0.00667415
0.00667415
0.00667415
0.00667415
0.00667415
0.00667415
0.00667415
0.00667415
0.00667415
0.00667415
0.00667415
0.00667415
0.00667415
0.00667415
0.00676612
0.00676612
0.00676612
0.00676612
0.00676612
0.00676612
0.00676612
0.00676612
0.00676612
0.00676612
0.00676612
0.00676612
0.00676612
0.00676612
0.00676612
0.00676612
0.00676612
0.00676612
0.00676612
0.00676612
0.00676612
0.00676612
0.00676612
0.00676612
0.00676612
0.00676612
0.00676612
0.00676612
0.00676612
0.00676612
0.00676612
0.00676612
0.00676612
0.00676612
0.00676612
0.00676612
0.00676612
0.00676612
0.00676612
0.00676612
0.00676612
0.00676612
0.00676612
0.00676612
0.00676612
0.00676612
0.00676612
0.00676612
0.00681331
0.00681331
0.00681331
0.00681331
0.00681331
0.00681331
0.00681331
0.00681331
0.00681331
0.00681331
0.00681331
0.00681331
0.00681331
0.00681331
0.00681331
0.00681331
0.00681331
0.00681331
0.00681331
0.00681331
0.00681331
0.00681331
0.00681331
0.00681331
0.00681331
0.00681331
0.00681331
0.00681331
0.00681331
0.00681331
0.00681331
0.00681331
0.00681331
0.00681331
0.00681331
0.00681331
0.00681331
0.00681331
0.00681331
0.00681331
0.00681331
0.00681331
0.00681331
0.00681331
0.00681331
0.00681331
0.00681331
0.00681331
0.00677447
0.00677447
0.00677447
0.00677447
0.00677447
0.00677447
0.00677447
0.00677447
0.00677447
0.00677447
0.00677447
0.00677447
0.00677447
0.00677447
0.00677447
0.00677447
0.00677447
0.00677447
0.00677447
0.00677447
0.00677447
0.00677447
0.00677447
0.00677447
0.00677447
0.00677447
0.00677447
0.00677447
0.00677447
0.00677447
0.00677447
0.00677447
0.00677447
0.00677447
0.00677447
0.00677447
0.00677447
0.00677447
0.00677447
0.00677447
0.00677447
0.00677447
0.00677447
0.00677447
0.00677447
0.00677447
0.00677447
0.00677447
0.0068277
0.0068277
0.0068277
0.0068277
0.0068277
0.0068277
0.0068277
0.0068277
0.0068277
0.0068277
0.0068277
0.0068277
0.0068277
0.0068277
0.0068277
0.0068277
0.0068277
0.0068277
0.0068277
0.0068277
0.0068277
0.0068277
0.0068277
0.0068277
0.0068277
0.0068277
0.0068277
0.0068277
0.0068277
0.0068277
0.0068277
0.0068277
0.0068277
0.0068277
0.0068277
0.0068277
0.0068277
0.0068277
0.0068277
0.0068277
0.0068277
0.0068277
0.0068277
0.0068277
0.0068277
0.0068277
0.0068277
0.0068277
