26
1
-1
0
0
0
0
0
0
0
0
0.707107
-0.707107
0.707107
-0.707107
0.707107
-0.707107
0.707107
-0.707107
0.57735
-0.57735
0.57735
-0.57735
0.57735
-0.57735
0.57735
-0.57735
0
0
1
-1
0
0
0.707107
-0.707107
0.707107
-0.707107
0
0
0
0
0.707107
0.707107
-0.707107
-0.707107
0.57735
0.57735
-0.57735
-0.57735
0.57735
0.57735
-0.57735
-0.57735
0
0
0
0
1
-1
0.707107
0.707107
-0.707107
-0.707107
0.707107
0.707107
-0.707107
-0.707107
0
0
0
0
0.57735
0.57735
0.57735
0.57735
-0.57735
-0.57735
-0.57735
-0.57735
0.598399
0.598399
0.598399
0.598399
0.598399
0.598399
0.478719
0.478719
0.478719
0.478719
0.478719
0.478719
0.478719
0.478719
0.478719
0.478719
0.478719
0.478719
0.403919
0.403919
0.403919
0.403919
0.403919
0.403919
0.403919
0.403919
