38
1
-1
0
0
0
0
0.57735
-0.57735
0.57735
-0.57735
0.57735
-0.57735
0.57735
-0.57735
0.459701
-0.459701
0.459701
-0.459701
0.888074
-0.888074
0.888074
-0.888074
0.459701
-0.459701
0.459701
-0.459701
0.888074
-0.888074
0.888074
-0.888074
0
0
0
0
0
0
0
0
0
0
1
-1
0
0
0.57735
0.57735
-0.57735
-0.57735
0.57735
0.57735
-0.57735
-0.57735
0.888074
0.888074
-0.888074
-0.888074
0.459701
0.459701
-0.459701
-0.459701
0
0
0
0
0
0
0
0
0.459701
-0.459701
0.459701
-0.459701
0.888074
-0.888074
0.888074
-0.888074
0
0
0
0
1
-1
0.57735
0.57735
0.57735
0.57735
-0.57735
-0.57735
-0.57735
-0.57735
0
0
0
0
0
0
0
0
0.888074
0.888074
-0.888074
-0.888074
0.459701
0.459701
-0.459701
-0.459701
0.888074
0.888074
-0.888074
-0.888074
0.459701
0.459701
-0.459701
-0.459701
0.11968
0.11968
0.11968
0.11968
0.11968
0.11968
0.403919
0.403919
0.403919
0.403919
0.403919
0.403919
0.403919
0.403919
0.359039
0.359039
0.359039
0.359039
0.359039
0.359039
0.359039
0.359039
0.359039
0.359039
0.359039
0.359039
0.359039
0.359039
0.359039
0.359039
0.359039
0.359039
0.359039
0.359039
0.359039
0.359039
0.359039
0.359039
