1.000000000000000000e+00
-1.000000000000000000e+00
0.000000000000000000e+00
0.000000000000000000e+00
0.000000000000000000e+00
0.000000000000000000e+00
0.000000000000000000e+00
0.000000000000000000e+00
0.000000000000000000e+00
0.000000000000000000e+00
7.071067811865475727e-01
-7.071067811865475727e-01
7.071067811865475727e-01
-7.071067811865475727e-01
7.071067811865475727e-01
-7.071067811865475727e-01
7.071067811865475727e-01
-7.071067811865475727e-01
5.773502691896257311e-01
-5.773502691896257311e-01
5.773502691896257311e-01
-5.773502691896257311e-01
5.773502691896257311e-01
-5.773502691896257311e-01
5.773502691896257311e-01
-5.773502691896257311e-01
2.551252621114133978e-01
-2.551252621114133978e-01
2.551252621114133978e-01
-2.551252621114133978e-01
2.551252621114133978e-01
-2.551252621114133978e-01
2.551252621114133978e-01
-2.551252621114133978e-01
2.551252621114133978e-01
-2.551252621114133978e-01
2.551252621114133978e-01
-2.551252621114133978e-01
2.551252621114133978e-01
-2.551252621114133978e-01
2.551252621114133978e-01
-2.551252621114133978e-01
9.326425903126905892e-01
-9.326425903126905892e-01
9.326425903126905892e-01
-9.326425903126905892e-01
9.326425903126905892e-01
-9.326425903126905892e-01
9.326425903126905892e-01
-9.326425903126905892e-01
6.743601460362765865e-01
-6.743601460362765865e-01
6.743601460362765865e-01
-6.743601460362765865e-01
6.743601460362765865e-01
-6.743601460362765865e-01
6.743601460362765865e-01
-6.743601460362765865e-01
6.743601460362765865e-01
-6.743601460362765865e-01
6.743601460362765865e-01
-6.743601460362765865e-01
6.743601460362765865e-01
-6.743601460362765865e-01
6.743601460362765865e-01
-6.743601460362765865e-01
3.007935951377014860e-01
-3.007935951377014860e-01
3.007935951377014860e-01
-3.007935951377014860e-01
3.007935951377014860e-01
-3.007935951377014860e-01
3.007935951377014860e-01
-3.007935951377014860e-01
4.318910696719410192e-01
-4.318910696719410192e-01
4.318910696719410192e-01
-4.318910696719410192e-01
4.318910696719410192e-01
-4.318910696719410192e-01
4.318910696719410192e-01
-4.318910696719410192e-01
4.318910696719410192e-01
-4.318910696719410192e-01
4.318910696719410192e-01
-4.318910696719410192e-01
4.318910696719410192e-01
-4.318910696719410192e-01
4.318910696719410192e-01
-4.318910696719410192e-01
7.917955593934921099e-01
-7.917955593934921099e-01
7.917955593934921099e-01
-7.917955593934921099e-01
7.917955593934921099e-01
-7.917955593934921099e-01
7.917955593934921099e-01
-7.917955593934921099e-01
2.613931360335988163e-01
-2.613931360335988163e-01
2.613931360335988163e-01
-2.613931360335988163e-01
9.652324219764484292e-01
-9.652324219764484292e-01
9.652324219764484292e-01
-9.652324219764484292e-01
2.613931360335988163e-01
-2.613931360335988163e-01
2.613931360335988163e-01
-2.613931360335988163e-01
9.652324219764484292e-01
-9.652324219764484292e-01
9.652324219764484292e-01
-9.652324219764484292e-01
0.000000000000000000e+00
0.000000000000000000e+00
0.000000000000000000e+00
0.000000000000000000e+00
0.000000000000000000e+00
0.000000000000000000e+00
0.000000000000000000e+00
0.000000000000000000e+00
4.990453161796036818e-01
-4.990453161796036818e-01
4.990453161796036818e-01
-4.990453161796036818e-01
4.990453161796036818e-01
-4.990453161796036818e-01
4.990453161796036818e-01
-4.990453161796036818e-01
4.990453161796036818e-01
-4.990453161796036818e-01
4.990453161796036818e-01
-4.990453161796036818e-01
4.990453161796036818e-01
-4.990453161796036818e-01
4.990453161796036818e-01
-4.990453161796036818e-01
1.446630744325115014e-01
-1.446630744325115014e-01
1.446630744325115014e-01
-1.446630744325115014e-01
1.446630744325115014e-01
-1.446630744325115014e-01
1.446630744325115014e-01
-1.446630744325115014e-01
1.446630744325115014e-01
-1.446630744325115014e-01
1.446630744325115014e-01
-1.446630744325115014e-01
1.446630744325115014e-01
-1.446630744325115014e-01
1.446630744325115014e-01
-1.446630744325115014e-01
8.544158046846588306e-01
-8.544158046846588306e-01
8.544158046846588306e-01
-8.544158046846588306e-01
8.544158046846588306e-01
-8.544158046846588306e-01
8.544158046846588306e-01
-8.544158046846588306e-01
8.544158046846588306e-01
-8.544158046846588306e-01
8.544158046846588306e-01
-8.544158046846588306e-01
8.544158046846588306e-01
-8.544158046846588306e-01
8.544158046846588306e-01
-8.544158046846588306e-01
0.000000000000000000e+00
0.000000000000000000e+00
1.000000000000000000e+00
-1.000000000000000000e+00
0.000000000000000000e+00
0.000000000000000000e+00
7.071067811865475727e-01
-7.071067811865475727e-01
7.071067811865475727e-01
-7.071067811865475727e-01
0.000000000000000000e+00
0.000000000000000000e+00
0.000000000000000000e+00
0.000000000000000000e+00
7.071067811865475727e-01
7.071067811865475727e-01
-7.071067811865475727e-01
-7.071067811865475727e-01
5.773502691896257311e-01
5.773502691896257311e-01
-5.773502691896257311e-01
-5.773502691896257311e-01
5.773502691896257311e-01
5.773502691896257311e-01
-5.773502691896257311e-01
-5.773502691896257311e-01
2.551252621114133978e-01
2.551252621114133978e-01
-2.551252621114133978e-01
-2.551252621114133978e-01
2.551252621114133978e-01
2.551252621114133978e-01
-2.551252621114133978e-01
-2.551252621114133978e-01
9.326425903126905892e-01
9.326425903126905892e-01
-9.326425903126905892e-01
-9.326425903126905892e-01
9.326425903126905892e-01
9.326425903126905892e-01
-9.326425903126905892e-01
-9.326425903126905892e-01
2.551252621114133978e-01
2.551252621114133978e-01
-2.551252621114133978e-01
-2.551252621114133978e-01
2.551252621114133978e-01
2.551252621114133978e-01
-2.551252621114133978e-01
-2.551252621114133978e-01
6.743601460362765865e-01
6.743601460362765865e-01
-6.743601460362765865e-01
-6.743601460362765865e-01
6.743601460362765865e-01
6.743601460362765865e-01
-6.743601460362765865e-01
-6.743601460362765865e-01
3.007935951377014860e-01
3.007935951377014860e-01
-3.007935951377014860e-01
-3.007935951377014860e-01
3.007935951377014860e-01
3.007935951377014860e-01
-3.007935951377014860e-01
-3.007935951377014860e-01
6.743601460362765865e-01
6.743601460362765865e-01
-6.743601460362765865e-01
-6.743601460362765865e-01
6.743601460362765865e-01
6.743601460362765865e-01
-6.743601460362765865e-01
-6.743601460362765865e-01
4.318910696719410192e-01
4.318910696719410192e-01
-4.318910696719410192e-01
-4.318910696719410192e-01
4.318910696719410192e-01
4.318910696719410192e-01
-4.318910696719410192e-01
-4.318910696719410192e-01
7.917955593934921099e-01
7.917955593934921099e-01
-7.917955593934921099e-01
-7.917955593934921099e-01
7.917955593934921099e-01
7.917955593934921099e-01
-7.917955593934921099e-01
-7.917955593934921099e-01
4.318910696719410192e-01
4.318910696719410192e-01
-4.318910696719410192e-01
-4.318910696719410192e-01
4.318910696719410192e-01
4.318910696719410192e-01
-4.318910696719410192e-01
-4.318910696719410192e-01
9.652324219764484292e-01
9.652324219764484292e-01
-9.652324219764484292e-01
-9.652324219764484292e-01
2.613931360335988163e-01
2.613931360335988163e-01
-2.613931360335988163e-01
-2.613931360335988163e-01
0.000000000000000000e+00
0.000000000000000000e+00
0.000000000000000000e+00
0.000000000000000000e+00
0.000000000000000000e+00
0.000000000000000000e+00
0.000000000000000000e+00
0.000000000000000000e+00
2.613931360335988163e-01
-2.613931360335988163e-01
2.613931360335988163e-01
-2.613931360335988163e-01
9.652324219764484292e-01
-9.652324219764484292e-01
9.652324219764484292e-01
-9.652324219764484292e-01
1.446630744325115014e-01
1.446630744325115014e-01
-1.446630744325115014e-01
-1.446630744325115014e-01
1.446630744325115014e-01
1.446630744325115014e-01
-1.446630744325115014e-01
-1.446630744325115014e-01
8.544158046846588306e-01
8.544158046846588306e-01
-8.544158046846588306e-01
-8.544158046846588306e-01
8.544158046846588306e-01
8.544158046846588306e-01
-8.544158046846588306e-01
-8.544158046846588306e-01
4.990453161796036818e-01
4.990453161796036818e-01
-4.990453161796036818e-01
-4.990453161796036818e-01
4.990453161796036818e-01
4.990453161796036818e-01
-4.990453161796036818e-01
-4.990453161796036818e-01
8.544158046846588306e-01
8.544158046846588306e-01
-8.544158046846588306e-01
-8.544158046846588306e-01
8.544158046846588306e-01
8.544158046846588306e-01
-8.544158046846588306e-01
-8.544158046846588306e-01
4.990453161796036818e-01
4.990453161796036818e-01
-4.990453161796036818e-01
-4.990453161796036818e-01
4.990453161796036818e-01
4.990453161796036818e-01
-4.990453161796036818e-01
-4.990453161796036818e-01
1.446630744325115014e-01
1.446630744325115014e-01
-1.446630744325115014e-01
-1.446630744325115014e-01
1.446630744325115014e-01
1.446630744325115014e-01
-1.446630744325115014e-01
-1.446630744325115014e-01
0.000000000000000000e+00
0.000000000000000000e+00
0.000000000000000000e+00
0.000000000000000000e+00
1.000000000000000000e+00
-1.000000000000000000e+00
7.071067811865475727e-01
7.071067811865475727e-01
-7.071067811865475727e-01
-7.071067811865475727e-01
7.071067811865475727e-01
7.071067811865475727e-01
-7.071067811865475727e-01
-7.071067811865475727e-01
0.000000000000000000e+00
0.000000000000000000e+00
0.000000000000000000e+00
0.000000000000000000e+00
5.773502691896257311e-01
5.773502691896257311e-01
5.773502691896257311e-01
5.773502691896257311e-01
-5.773502691896257311e-01
-5.773502691896257311e-01
-5.773502691896257311e-01
-5.773502691896257311e-01
9.326425903126905892e-01
9.326425903126905892e-01
9.326425903126905892e-01
9.326425903126905892e-01
-9.326425903126905892e-01
-9.326425903126905892e-01
-9.326425903126905892e-01
-9.326425903126905892e-01
2.551252621114133978e-01
2.551252621114133978e-01
2.551252621114133978e-01
2.551252621114133978e-01
-2.551252621114133978e-01
-2.551252621114133978e-01
-2.551252621114133978e-01
-2.551252621114133978e-01
2.551252621114133978e-01
2.551252621114133978e-01
2.551252621114133978e-01
2.551252621114133978e-01
-2.551252621114133978e-01
-2.551252621114133978e-01
-2.551252621114133978e-01
-2.551252621114133978e-01
3.007935951377014860e-01
3.007935951377014860e-01
3.007935951377014860e-01
3.007935951377014860e-01
-3.007935951377014860e-01
-3.007935951377014860e-01
-3.007935951377014860e-01
-3.007935951377014860e-01
6.743601460362765865e-01
6.743601460362765865e-01
6.743601460362765865e-01
6.743601460362765865e-01
-6.743601460362765865e-01
-6.743601460362765865e-01
-6.743601460362765865e-01
-6.743601460362765865e-01
6.743601460362765865e-01
6.743601460362765865e-01
6.743601460362765865e-01
6.743601460362765865e-01
-6.743601460362765865e-01
-6.743601460362765865e-01
-6.743601460362765865e-01
-6.743601460362765865e-01
7.917955593934921099e-01
7.917955593934921099e-01
7.917955593934921099e-01
7.917955593934921099e-01
-7.917955593934921099e-01
-7.917955593934921099e-01
-7.917955593934921099e-01
-7.917955593934921099e-01
4.318910696719410192e-01
4.318910696719410192e-01
4.318910696719410192e-01
4.318910696719410192e-01
-4.318910696719410192e-01
-4.318910696719410192e-01
-4.318910696719410192e-01
-4.318910696719410192e-01
4.318910696719410192e-01
4.318910696719410192e-01
4.318910696719410192e-01
4.318910696719410192e-01
-4.318910696719410192e-01
-4.318910696719410192e-01
-4.318910696719410192e-01
-4.318910696719410192e-01
0.000000000000000000e+00
0.000000000000000000e+00
0.000000000000000000e+00
0.000000000000000000e+00
0.000000000000000000e+00
0.000000000000000000e+00
0.000000000000000000e+00
0.000000000000000000e+00
9.652324219764484292e-01
9.652324219764484292e-01
-9.652324219764484292e-01
-9.652324219764484292e-01
2.613931360335988163e-01
2.613931360335988163e-01
-2.613931360335988163e-01
-2.613931360335988163e-01
9.652324219764484292e-01
9.652324219764484292e-01
-9.652324219764484292e-01
-9.652324219764484292e-01
2.613931360335988163e-01
2.613931360335988163e-01
-2.613931360335988163e-01
-2.613931360335988163e-01
8.544158046846588306e-01
8.544158046846588306e-01
8.544158046846588306e-01
8.544158046846588306e-01
-8.544158046846588306e-01
-8.544158046846588306e-01
-8.544158046846588306e-01
-8.544158046846588306e-01
1.446630744325115014e-01
1.446630744325115014e-01
1.446630744325115014e-01
1.446630744325115014e-01
-1.446630744325115014e-01
-1.446630744325115014e-01
-1.446630744325115014e-01
-1.446630744325115014e-01
8.544158046846588306e-01
8.544158046846588306e-01
8.544158046846588306e-01
8.544158046846588306e-01
-8.544158046846588306e-01
-8.544158046846588306e-01
-8.544158046846588306e-01
-8.544158046846588306e-01
4.990453161796036818e-01
4.990453161796036818e-01
4.990453161796036818e-01
4.990453161796036818e-01
-4.990453161796036818e-01
-4.990453161796036818e-01
-4.990453161796036818e-01
-4.990453161796036818e-01
1.446630744325115014e-01
1.446630744325115014e-01
1.446630744325115014e-01
1.446630744325115014e-01
-1.446630744325115014e-01
-1.446630744325115014e-01
-1.446630744325115014e-01
-1.446630744325115014e-01
4.990453161796036818e-01
4.990453161796036818e-01
4.990453161796036818e-01
4.990453161796036818e-01
-4.990453161796036818e-01
-4.990453161796036818e-01
-4.990453161796036818e-01
-4.990453161796036818e-01
6.967855090540038543e-02
6.967855090540038543e-02
6.967855090540038543e-02
6.967855090540038543e-02
6.967855090540038543e-02
6.967855090540038543e-02
7.629461771935279468e-02
7.629461771935279468e-02
7.629461771935279468e-02
7.629461771935279468e-02
7.629461771935279468e-02
7.629461771935279468e-02
7.629461771935279468e-02
7.629461771935279468e-02
7.629461771935279468e-02
7.629461771935279468e-02
7.629461771935279468e-02
7.629461771935279468e-02
8.021962308552600673e-02
8.021962308552600673e-02
8.021962308552600673e-02
8.021962308552600673e-02
8.021962308552600673e-02
8.021962308552600673e-02
8.021962308552600673e-02
8.021962308552600673e-02
6.513636946550790952e-02
6.513636946550790952e-02
6.513636946550790952e-02
6.513636946550790952e-02
6.513636946550790952e-02
6.513636946550790952e-02
6.513636946550790952e-02
6.513636946550790952e-02
6.513636946550790952e-02
6.513636946550790952e-02
6.513636946550790952e-02
6.513636946550790952e-02
6.513636946550790952e-02
6.513636946550790952e-02
6.513636946550790952e-02
6.513636946550790952e-02
6.513636946550790952e-02
6.513636946550790952e-02
6.513636946550790952e-02
6.513636946550790952e-02
6.513636946550790952e-02
6.513636946550790952e-02
6.513636946550790952e-02
6.513636946550790952e-02
7.939343745253053808e-02
7.939343745253053808e-02
7.939343745253053808e-02
7.939343745253053808e-02
7.939343745253053808e-02
7.939343745253053808e-02
7.939343745253053808e-02
7.939343745253053808e-02
7.939343745253053808e-02
7.939343745253053808e-02
7.939343745253053808e-02
7.939343745253053808e-02
7.939343745253053808e-02
7.939343745253053808e-02
7.939343745253053808e-02
7.939343745253053808e-02
7.939343745253053808e-02
7.939343745253053808e-02
7.939343745253053808e-02
7.939343745253053808e-02
7.939343745253053808e-02
7.939343745253053808e-02
7.939343745253053808e-02
7.939343745253053808e-02
7.793248373075363500e-02
7.793248373075363500e-02
7.793248373075363500e-02
7.793248373075363500e-02
7.793248373075363500e-02
7.793248373075363500e-02
7.793248373075363500e-02
7.793248373075363500e-02
7.793248373075363500e-02
7.793248373075363500e-02
7.793248373075363500e-02
7.793248373075363500e-02
7.793248373075363500e-02
7.793248373075363500e-02
7.793248373075363500e-02
7.793248373075363500e-02
7.793248373075363500e-02
7.793248373075363500e-02
7.793248373075363500e-02
7.793248373075363500e-02
7.793248373075363500e-02
7.793248373075363500e-02
7.793248373075363500e-02
7.793248373075363500e-02
6.882781368562168600e-02
6.882781368562168600e-02
6.882781368562168600e-02
6.882781368562168600e-02
6.882781368562168600e-02
6.882781368562168600e-02
6.882781368562168600e-02
6.882781368562168600e-02
6.882781368562168600e-02
6.882781368562168600e-02
6.882781368562168600e-02
6.882781368562168600e-02
6.882781368562168600e-02
6.882781368562168600e-02
6.882781368562168600e-02
6.882781368562168600e-02
6.882781368562168600e-02
6.882781368562168600e-02
6.882781368562168600e-02
6.882781368562168600e-02
6.882781368562168600e-02
6.882781368562168600e-02
6.882781368562168600e-02
6.882781368562168600e-02
7.500092515800829696e-02
7.500092515800829696e-02
7.500092515800829696e-02
7.500092515800829696e-02
7.500092515800829696e-02
7.500092515800829696e-02
7.500092515800829696e-02
7.500092515800829696e-02
7.500092515800829696e-02
7.500092515800829696e-02
7.500092515800829696e-02
7.500092515800829696e-02
7.500092515800829696e-02
7.500092515800829696e-02
7.500092515800829696e-02
7.500092515800829696e-02
7.500092515800829696e-02
7.500092515800829696e-02
7.500092515800829696e-02
7.500092515800829696e-02
7.500092515800829696e-02
7.500092515800829696e-02
7.500092515800829696e-02
7.500092515800829696e-02
7.500092515800829696e-02
7.500092515800829696e-02
7.500092515800829696e-02
7.500092515800829696e-02
7.500092515800829696e-02
7.500092515800829696e-02
7.500092515800829696e-02
7.500092515800829696e-02
7.500092515800829696e-02
7.500092515800829696e-02
7.500092515800829696e-02
7.500092515800829696e-02
7.500092515800829696e-02
7.500092515800829696e-02
7.500092515800829696e-02
7.500092515800829696e-02
7.500092515800829696e-02
7.500092515800829696e-02
7.500092515800829696e-02
7.500092515800829696e-02
7.500092515800829696e-02
7.500092515800829696e-02
7.500092515800829696e-02
7.500092515800829696e-02
