1.000000000000000000e+00
-1.000000000000000000e+00
0.000000000000000000e+00
0.000000000000000000e+00
0.000000000000000000e+00
0.000000000000000000e+00
5.773502691896257311e-01
-5.773502691896257311e-01
5.773502691896257311e-01
-5.773502691896257311e-01
5.773502691896257311e-01
-5.773502691896257311e-01
5.773502691896257311e-01
-5.773502691896257311e-01
4.597008433809831041e-01
-4.597008433809831041e-01
4.597008433809831041e-01
-4.597008433809831041e-01
8.880738339771152567e-01
-8.880738339771152567e-01
8.880738339771152567e-01
-8.880738339771152567e-01
4.597008433809831041e-01
-4.597008433809831041e-01
4.597008433809831041e-01
-4.597008433809831041e-01
8.880738339771152567e-01
-8.880738339771152567e-01
8.880738339771152567e-01
-8.880738339771152567e-01
0.000000000000000000e+00
0.000000000000000000e+00
0.000000000000000000e+00
0.000000000000000000e+00
0.000000000000000000e+00
0.000000000000000000e+00
0.000000000000000000e+00
0.000000000000000000e+00
0.000000000000000000e+00
0.000000000000000000e+00
1.000000000000000000e+00
-1.000000000000000000e+00
0.000000000000000000e+00
0.000000000000000000e+00
5.773502691896257311e-01
5.773502691896257311e-01
-5.773502691896257311e-01
-5.773502691896257311e-01
5.773502691896257311e-01
5.773502691896257311e-01
-5.773502691896257311e-01
-5.773502691896257311e-01
8.880738339771152567e-01
8.880738339771152567e-01
-8.880738339771152567e-01
-8.880738339771152567e-01
4.597008433809831041e-01
4.597008433809831041e-01
-4.597008433809831041e-01
-4.597008433809831041e-01
0.000000000000000000e+00
0.000000000000000000e+00
0.000000000000000000e+00
0.000000000000000000e+00
0.000000000000000000e+00
0.000000000000000000e+00
0.000000000000000000e+00
0.000000000000000000e+00
4.597008433809831041e-01
-4.597008433809831041e-01
4.597008433809831041e-01
-4.597008433809831041e-01
8.880738339771152567e-01
-8.880738339771152567e-01
8.880738339771152567e-01
-8.880738339771152567e-01
0.000000000000000000e+00
0.000000000000000000e+00
0.000000000000000000e+00
0.000000000000000000e+00
1.000000000000000000e+00
-1.000000000000000000e+00
5.773502691896257311e-01
5.773502691896257311e-01
5.773502691896257311e-01
5.773502691896257311e-01
-5.773502691896257311e-01
-5.773502691896257311e-01
-5.773502691896257311e-01
-5.773502691896257311e-01
0.000000000000000000e+00
0.000000000000000000e+00
0.000000000000000000e+00
0.000000000000000000e+00
0.000000000000000000e+00
0.000000000000000000e+00
0.000000000000000000e+00
0.000000000000000000e+00
8.880738339771152567e-01
8.880738339771152567e-01
-8.880738339771152567e-01
-8.880738339771152567e-01
4.597008433809831041e-01
4.597008433809831041e-01
-4.597008433809831041e-01
-4.597008433809831041e-01
8.880738339771152567e-01
8.880738339771152567e-01
-8.880738339771152567e-01
-8.880738339771152567e-01
4.597008433809831041e-01
4.597008433809831041e-01
-4.597008433809831041e-01
-4.597008433809831041e-01
1.196797201367540281e-01
1.196797201367540281e-01
1.196797201367540281e-01
1.196797201367540281e-01
1.196797201367540281e-01
1.196797201367540281e-01
4.039190554615447737e-01
4.039190554615447737e-01
4.039190554615447737e-01
4.039190554615447737e-01
4.039190554615447737e-01
4.039190554615447737e-01
4.039190554615447737e-01
4.039190554615447737e-01
3.590391604102620704e-01
3.590391604102620704e-01
3.590391604102620704e-01
3.590391604102620704e-01
3.590391604102620704e-01
3.590391604102620704e-01
3.590391604102620704e-01
3.590391604102620704e-01
3.590391604102620704e-01
3.590391604102620704e-01
3.590391604102620704e-01
3.590391604102620704e-01
3.590391604102620704e-01
3.590391604102620704e-01
3.590391604102620704e-01
3.590391604102620704e-01
3.590391604102620704e-01
3.590391604102620704e-01
3.590391604102620704e-01
3.590391604102620704e-01
3.590391604102620704e-01
3.590391604102620704e-01
3.590391604102620704e-01
3.590391604102620704e-01
