1.000000000000000000e+00
-1.000000000000000000e+00
0.000000000000000000e+00
0.000000000000000000e+00
0.000000000000000000e+00
0.000000000000000000e+00
5.773502691896257311e-01
-5.773502691896257311e-01
5.773502691896257311e-01
-5.773502691896257311e-01
5.773502691896257311e-01
-5.773502691896257311e-01
5.773502691896257311e-01
-5.773502691896257311e-01
3.696028464541502023e-01
-3.696028464541502023e-01
3.696028464541502023e-01
-3.696028464541502023e-01
3.696028464541502023e-01
-3.696028464541502023e-01
3.696028464541502023e-01
-3.696028464541502023e-01
3.696028464541502023e-01
-3.696028464541502023e-01
3.696028464541502023e-01
-3.696028464541502023e-01
3.696028464541502023e-01
-3.696028464541502023e-01
3.696028464541502023e-01
-3.696028464541502023e-01
8.525183117012675726e-01
-8.525183117012675726e-01
8.525183117012675726e-01
-8.525183117012675726e-01
8.525183117012675726e-01
-8.525183117012675726e-01
8.525183117012675726e-01
-8.525183117012675726e-01
6.943540066026664404e-01
-6.943540066026664404e-01
6.943540066026664404e-01
-6.943540066026664404e-01
6.943540066026664404e-01
-6.943540066026664404e-01
6.943540066026664404e-01
-6.943540066026664404e-01
6.943540066026664404e-01
-6.943540066026664404e-01
6.943540066026664404e-01
-6.943540066026664404e-01
6.943540066026664404e-01
-6.943540066026664404e-01
6.943540066026664404e-01
-6.943540066026664404e-01
1.890635528853949754e-01
-1.890635528853949754e-01
1.890635528853949754e-01
-1.890635528853949754e-01
1.890635528853949754e-01
-1.890635528853949754e-01
1.890635528853949754e-01
-1.890635528853949754e-01
3.742430390903411785e-01
-3.742430390903411785e-01
3.742430390903411785e-01
-3.742430390903411785e-01
9.273306571511724661e-01
-9.273306571511724661e-01
9.273306571511724661e-01
-9.273306571511724661e-01
3.742430390903411785e-01
-3.742430390903411785e-01
3.742430390903411785e-01
-3.742430390903411785e-01
9.273306571511724661e-01
-9.273306571511724661e-01
9.273306571511724661e-01
-9.273306571511724661e-01
0.000000000000000000e+00
0.000000000000000000e+00
0.000000000000000000e+00
0.000000000000000000e+00
0.000000000000000000e+00
0.000000000000000000e+00
0.000000000000000000e+00
0.000000000000000000e+00
0.000000000000000000e+00
0.000000000000000000e+00
1.000000000000000000e+00
-1.000000000000000000e+00
0.000000000000000000e+00
0.000000000000000000e+00
5.773502691896257311e-01
5.773502691896257311e-01
-5.773502691896257311e-01
-5.773502691896257311e-01
5.773502691896257311e-01
5.773502691896257311e-01
-5.773502691896257311e-01
-5.773502691896257311e-01
3.696028464541502023e-01
3.696028464541502023e-01
-3.696028464541502023e-01
-3.696028464541502023e-01
3.696028464541502023e-01
3.696028464541502023e-01
-3.696028464541502023e-01
-3.696028464541502023e-01
8.525183117012675726e-01
8.525183117012675726e-01
-8.525183117012675726e-01
-8.525183117012675726e-01
8.525183117012675726e-01
8.525183117012675726e-01
-8.525183117012675726e-01
-8.525183117012675726e-01
3.696028464541502023e-01
3.696028464541502023e-01
-3.696028464541502023e-01
-3.696028464541502023e-01
3.696028464541502023e-01
3.696028464541502023e-01
-3.696028464541502023e-01
-3.696028464541502023e-01
6.943540066026664404e-01
6.943540066026664404e-01
-6.943540066026664404e-01
-6.943540066026664404e-01
6.943540066026664404e-01
6.943540066026664404e-01
-6.943540066026664404e-01
-6.943540066026664404e-01
1.890635528853949754e-01
1.890635528853949754e-01
-1.890635528853949754e-01
-1.890635528853949754e-01
1.890635528853949754e-01
1.890635528853949754e-01
-1.890635528853949754e-01
-1.890635528853949754e-01
6.943540066026664404e-01
6.943540066026664404e-01
-6.943540066026664404e-01
-6.943540066026664404e-01
6.943540066026664404e-01
6.943540066026664404e-01
-6.943540066026664404e-01
-6.943540066026664404e-01
9.273306571511724661e-01
9.273306571511724661e-01
-9.273306571511724661e-01
-9.273306571511724661e-01
3.742430390903411785e-01
3.742430390903411785e-01
-3.742430390903411785e-01
-3.742430390903411785e-01
0.000000000000000000e+00
0.000000000000000000e+00
0.000000000000000000e+00
0.000000000000000000e+00
0.000000000000000000e+00
0.000000000000000000e+00
0.000000000000000000e+00
0.000000000000000000e+00
3.742430390903411785e-01
-3.742430390903411785e-01
3.742430390903411785e-01
-3.742430390903411785e-01
9.273306571511724661e-01
-9.273306571511724661e-01
9.273306571511724661e-01
-9.273306571511724661e-01
0.000000000000000000e+00
0.000000000000000000e+00
0.000000000000000000e+00
0.000000000000000000e+00
1.000000000000000000e+00
-1.000000000000000000e+00
5.773502691896257311e-01
5.773502691896257311e-01
5.773502691896257311e-01
5.773502691896257311e-01
-5.773502691896257311e-01
-5.773502691896257311e-01
-5.773502691896257311e-01
-5.773502691896257311e-01
8.525183117012675726e-01
8.525183117012675726e-01
8.525183117012675726e-01
8.525183117012675726e-01
-8.525183117012675726e-01
-8.525183117012675726e-01
-8.525183117012675726e-01
-8.525183117012675726e-01
3.696028464541502023e-01
3.696028464541502023e-01
3.696028464541502023e-01
3.696028464541502023e-01
-3.696028464541502023e-01
-3.696028464541502023e-01
-3.696028464541502023e-01
-3.696028464541502023e-01
3.696028464541502023e-01
3.696028464541502023e-01
3.696028464541502023e-01
3.696028464541502023e-01
-3.696028464541502023e-01
-3.696028464541502023e-01
-3.696028464541502023e-01
-3.696028464541502023e-01
1.890635528853949754e-01
1.890635528853949754e-01
1.890635528853949754e-01
1.890635528853949754e-01
-1.890635528853949754e-01
-1.890635528853949754e-01
-1.890635528853949754e-01
-1.890635528853949754e-01
6.943540066026664404e-01
6.943540066026664404e-01
6.943540066026664404e-01
6.943540066026664404e-01
-6.943540066026664404e-01
-6.943540066026664404e-01
-6.943540066026664404e-01
-6.943540066026664404e-01
6.943540066026664404e-01
6.943540066026664404e-01
6.943540066026664404e-01
6.943540066026664404e-01
-6.943540066026664404e-01
-6.943540066026664404e-01
-6.943540066026664404e-01
-6.943540066026664404e-01
0.000000000000000000e+00
0.000000000000000000e+00
0.000000000000000000e+00
0.000000000000000000e+00
0.000000000000000000e+00
0.000000000000000000e+00
0.000000000000000000e+00
0.000000000000000000e+00
9.273306571511724661e-01
9.273306571511724661e-01
-9.273306571511724661e-01
-9.273306571511724661e-01
3.742430390903411785e-01
3.742430390903411785e-01
-3.742430390903411785e-01
-3.742430390903411785e-01
9.273306571511724661e-01
9.273306571511724661e-01
-9.273306571511724661e-01
-9.273306571511724661e-01
3.742430390903411785e-01
3.742430390903411785e-01
-3.742430390903411785e-01
-3.742430390903411785e-01
1.450663274384896839e-01
1.450663274384896839e-01
1.450663274384896839e-01
1.450663274384896839e-01
1.450663274384896839e-01
1.450663274384896839e-01
1.500915881570818733e-01
1.500915881570818733e-01
1.500915881570818733e-01
1.500915881570818733e-01
1.500915881570818733e-01
1.500915881570818733e-01
1.500915881570818733e-01
1.500915881570818733e-01
1.396193607909270717e-01
1.396193607909270717e-01
1.396193607909270717e-01
1.396193607909270717e-01
1.396193607909270717e-01
1.396193607909270717e-01
1.396193607909270717e-01
1.396193607909270717e-01
1.396193607909270717e-01
1.396193607909270717e-01
1.396193607909270717e-01
1.396193607909270717e-01
1.396193607909270717e-01
1.396193607909270717e-01
1.396193607909270717e-01
1.396193607909270717e-01
1.396193607909270717e-01
1.396193607909270717e-01
1.396193607909270717e-01
1.396193607909270717e-01
1.396193607909270717e-01
1.396193607909270717e-01
1.396193607909270717e-01
1.396193607909270717e-01
1.492445168690701984e-01
1.492445168690701984e-01
1.492445168690701984e-01
1.492445168690701984e-01
1.492445168690701984e-01
1.492445168690701984e-01
1.492445168690701984e-01
1.492445168690701984e-01
1.492445168690701984e-01
1.492445168690701984e-01
1.492445168690701984e-01
1.492445168690701984e-01
1.492445168690701984e-01
1.492445168690701984e-01
1.492445168690701984e-01
1.492445168690701984e-01
1.492445168690701984e-01
1.492445168690701984e-01
1.492445168690701984e-01
1.492445168690701984e-01
1.492445168690701984e-01
1.492445168690701984e-01
1.492445168690701984e-01
1.492445168690701984e-01
1.484377866929852130e-01
1.484377866929852130e-01
1.484377866929852130e-01
1.484377866929852130e-01
1.484377866929852130e-01
1.484377866929852130e-01
1.484377866929852130e-01
1.484377866929852130e-01
1.484377866929852130e-01
1.484377866929852130e-01
1.484377866929852130e-01
1.484377866929852130e-01
1.484377866929852130e-01
1.484377866929852130e-01
1.484377866929852130e-01
1.484377866929852130e-01
1.484377866929852130e-01
1.484377866929852130e-01
1.484377866929852130e-01
1.484377866929852130e-01
1.484377866929852130e-01
1.484377866929852130e-01
1.484377866929852130e-01
1.484377866929852130e-01
